# format_version: 1
# fps: 60.0
# units: degrees
# euler_order: XYZ
# neutral_frame_index: 0
# columns: 137 joints × [X,Y,Z] in canonical order defined by joint_map.entries
0.000000,-0.000000,0.000000,0.000000,0.000000,0.000000,0.000000,0.000000,-0.000000,0.000000,0.000000,0.000000,0.000000,0.000000,0.000000,0.000000,0.000000,0.000000,0.000000,-0.000000,0.000000,-0.000000,0.000000,-0.000000,0.000000,0.000000,0.000000,-0.000000,0.000000,-0.000000,0.000000,-0.000000,0.000000,0.000000,0.000000,0.000000,0.000000,0.000000,0.000000,0.000000,0.000000,0.000000,0.000000,0.000000,0.000000,0.000000,0.000000,0.000000,0.000000,0.000000,0.000000,0.000000,0.000000,0.000000,0.000000,0.000000,0.000000,0.000000,0.000000,0.000000,0.000000,0.000000,0.000000,0.000000,0.000000,0.000000,0.000000,-0.000000,0.000000,0.000000,0.000000,0.000000,0.000000,-0.000000,0.000000,0.000000,0.000000,0.000000,0.000000,0.000000,0.000000,0.000000,0.000000,0.000000,0.000000,0.000000,0.000000,0.000000,0.000000,0.000000,0.000000,0.000000,0.000000,0.000000,0.000000,0.000000,0.000000,0.000000,0.000000,0.000000,0.000000,0.000000,0.000000,0.000000,0.000000,0.000000,0.000000,0.000000,0.000000,0.000000,0.000000,0.000000,0.000000,0.000000,0.000000,0.000000,0.000000,0.000000,0.000000,0.000000,0.000000,0.000000,0.000000,0.000000,0.000000,0.000000,0.000000,0.000000,0.000000,0.000000,0.000000,0.000000,0.000000,0.000000,0.000000,0.000000,0.000000,0.000000,0.000000,0.000000,0.000000,0.000000,0.000000,0.000000,0.000000,-0.000000,0.000000,0.000000,0.000000,0.000000,0.000000,0.000000,0.000000,0.000000,0.000000,0.000000,0.000000,-0.000000,0.000000,0.000000,0.000000,0.000000,0.000000,0.000000,0.000000,0.000000,0.000000,0.000000,0.000000,0.000000,0.000000,0.000000,0.000000,0.000000,0.000000,-0.000000,0.000000,0.000000,-0.000000,0.000000,0.000000,-0.000000,0.000000,0.000000,-0.000000,0.000000,0.000000,0.000000,0.000000,0.000000,0.000000,0.000000,0.000000,0.000000,0.000000,0.000000,-0.000000,0.000000,0.000000,-0.000000,0.000000,0.000000,-0.000000,0.000000,0.000000,0.000000,0.000000,0.000000,0.000000,0.000000,0.000000,0.000000,0.000000,0.000000,0.000000,0.000000,0.000000,-0.000000,0.000000,0.000000,0.000000,0.000000,0.000000,0.000000,0.000000,0.000000,0.000000,0.000000,0.000000,0.000000,0.000000,0.000000,0.000000,0.000000,0.000000,0.000000,0.000000,0.000000,-0.000000,0.000000,0.000000,0.000000,0.000000,0.000000,-0.000000,0.000000,0.000000,0.000000,0.000000,0.000000,0.000000,0.000000,0.000000,0.000000,0.000000,0.000000,-0.000000,0.000000,0.000000,0.000000,0.000000,0.000000,-0.000000,0.000000,0.000000,0.000000,0.000000,0.000000,0.000000,0.000000,0.000000,0.000000,0.000000,0.000000,-0.000000,0.000000,0.000000,0.000000,0.000000,0.000000,-0.000000,0.000000,0.000000,0.000000,0.000000,0.000000,0.000000,0.000000,0.000000,0.000000,0.000000,0.000000,-0.000000,0.000000,0.000000,-0.000000,-0.000000,0.000000,0.000000,0.000000,0.000000,-0.000000,0.000000,0.000000,0.000000,0.000000,0.000000,-0.000000,0.000000,0.000000,-0.000000,0.000000,0.000000,0.000000,0.000000,0.000000,-0.000000,0.000000,0.000000,0.000000,0.000000,0.000000,0.000000,0.000000,0.000000,0.000000,-0.000000,0.000000,0.000000,0.000000,-0.000000,0.000000,-0.000000,0.000000,-0.000000,-0.000000,0.000000,-0.000000,0.000000,0.000000,-0.000000,-0.000000,0.000000,0.000000,0.000000,0.000000,0.000000,0.000000,0.000000,0.000000,0.000000,0.000000,0.000000,0.000000,0.000000,0.000000,0.000000,0.000000,0.000000,0.000000,0.000000,0.000000,0.000000,0.000000,0.000000,0.000000,0.000000,0.000000,0.000000,-0.000000,0.000000,-0.000000,0.000000,0.000000,0.000000,0.000000,-0.000000,0.000000,-0.000000,0.000000,-0.000000,0.000000,-0.000000,0.000000,0.000000,-0.000000,0.000000,0.000000,0.000000,0.000000,-0.000000,-0.000000,0.000000,-0.000000,-0.000000,0.000000,-0.000000,-0.000000,0.000000,0.000000,-0.000000,-0.000000,0.000000,-0.000000,-0.000000,0.000000,0.000000,0.000000,0.000000,-0.000000,0.000000
1.540642,1.500242,0.658682,-3.007664,-2.375421,-0.289013,2.538620,-7.281894,-4.112105,-6.769717,-5.559155,6.063116,-8.551123,-3.359192,2.783313,-8.761590,1.551635,2.667098,-7.052682,-10.661875,-3.143268,-0.214952,0.556823,8.066953,-7.249179,-7.222584,3.882052,-5.488417,-8.989396,8.252808,-1.507306,0.155973,2.131216,-1.458116,0.230914,1.753081,-8.425740,-6.332136,-0.105135,-0.777463,-0.643429,0.144498,-0.664371,-0.615050,-0.413661,3.469270,2.580014,-0.632284,0.596408,2.802215,4.505058,5.251607,2.489029,-6.478982,-9.101789,-1.104375,-12.296251,-0.602906,-0.653019,-0.444909,-0.549286,-0.680090,-0.457606,-0.708051,-0.609238,-0.385939,-1.482685,0.272994,1.860083,-1.504898,0.346293,2.008971,-1.429453,0.166652,1.614509,6.155242,2.595816,-7.072595,6.121037,1.607699,-7.191082,5.840797,0.717084,-7.217667,5.542056,-0.257836,-6.851590,5.186712,-1.496116,-5.657891,5.116939,-2.175271,-4.262735,4.521996,-2.651679,-3.562168,4.073317,-2.872593,-1.934264,3.104194,-2.701033,-0.683863,1.839489,-1.400644,-0.382967,1.181803,-0.774440,-0.131931,0.764408,0.243078,2.130435,0.697479,1.216895,2.519466,0.923552,2.147725,2.514764,1.102273,2.891168,2.452981,1.197063,3.324069,2.501653,1.324903,3.708545,2.769753,5.396321,2.215977,-4.026825,4.942701,2.496292,-2.965953,4.354676,2.652151,-2.132037,3.928562,2.565638,-1.609541,3.480794,2.564268,-0.619422,2.471491,2.862740,1.717123,2.199694,3.244240,2.052114,1.978595,3.384070,2.804452,1.726129,3.683594,3.141851,1.464059,3.886806,3.165300,3.161766,2.002821,1.084994,3.136182,1.663373,0.312713,2.801543,0.985824,0.825065,2.608425,0.303815,0.630178,3.614537,-0.137484,-1.245262,3.232236,-0.200315,-0.588425,3.026633,0.028965,0.258598,2.802609,0.009662,0.702167,2.661959,0.240637,1.202988,5.199995,1.766497,-2.558718,4.982575,2.086226,-2.215496,4.613994,2.316136,-1.908256,4.333634,2.126043,-1.796978,4.653841,2.035358,-2.048359,5.052484,1.886150,-2.320329,2.641253,2.573772,1.835181,2.412637,2.777615,2.280426,2.168028,2.931264,2.565838,1.871737,2.885601,2.829739,2.200690,2.779314,2.451857,2.363980,2.669613,2.209897,5.013718,-0.702555,-0.582453,4.176550,-0.548723,-0.447277,3.707695,-0.401984,0.122203,3.186324,-0.264949,0.598117,2.770289,-0.363113,1.157728,2.625447,-0.126535,1.564393,2.245987,-0.015545,1.762178,3.039329,-0.250923,1.097902,3.399403,-0.477365,0.814480,3.905432,-0.360753,0.519057,4.211449,-0.532299,0.450514,4.630619,-0.596474,0.384707,4.482681,-0.547171,-0.121166,3.455077,-1.016663,-0.013919,3.041765,-0.953625,0.268445,2.760995,-0.662614,0.430180,2.759871,-0.092269,1.167513,3.640295,0.112685,1.393541,4.028748,-0.005035,1.292747,4.429254,-0.012187,0.947175,4.829313,2.109070,-2.277770,2.327040,2.829654,2.367451,1.121026,0.307111,8.970924,-1.187930,1.793092,10.750116,-3.613394,3.155949,11.450336,-4.170337,4.155286,11.801915,-5.034575,4.558550,12.401005,-2.914296,1.625325,11.779703,-1.853916,3.541379,8.355998,-1.603868,3.414603,7.442656,-1.742966,2.545185,7.421940,-1.515823,1.212723,9.855916,-1.017308,3.284988,6.368260,-1.396897,2.751121,6.285635,-1.881889,1.765512,7.280900,-0.173153,1.247530,7.902558,-0.152744,3.110907,4.929077,-0.850863,2.277106,5.443706,-1.415993,1.159632,6.602302,1.172475,1.645107,5.994496,0.735952,3.032391,4.539466,0.114823,2.692613,4.827024,-0.422208,2.084572,5.650008,-7.952654,-2.993060,0.874865,-5.219523,-1.908109,-4.900645,-3.049396,-1.479693,-12.000868,-3.123382,-1.973841,-14.625055,-3.037743,-2.580132,-16.085461,-5.238569,-5.429242,-2.533480,-7.823067,-6.848649,-7.884572,-6.701407,-9.235223,-11.664865,-3.788257,-11.662035,-14.437319,-8.280788,-6.496739,-0.112069,-8.900872,-5.354977,-7.707594,-7.258042,-4.762489,-8.681392,-5.774328,-4.666013,-8.394730,-11.232198,-7.473678,1.338871,-11.658378,-5.803761,-4.907863,-10.402796,-5.984059,-4.298745,-9.405050,-6.687837,-2.205151,-14.387420,-8.189713,2.378334,-14.521722,-8.002394,-0.784150,-13.801437,-8.234171,-0.097695,-13.208522,-9.153108,2.015530
4.091543,7.511557,1.452851,3.654995,1.136394,-1.059230,8.915154,-4.603018,-4.705142,-5.844632,-9.965025,-3.218730,-6.937726,-16.928249,-0.295279,-2.919129,7.108133,1.938807,-0.059052,-7.097265,4.198651,0.168535,0.489430,7.401946,-5.850935,-5.544683,0.694895,-4.034684,-7.780162,5.591862,-0.902804,1.501356,1.122838,-0.816977,1.593105,0.925249,-7.230702,-4.484513,-2.157116,-0.769760,1.082741,-0.453069,-0.724992,1.102119,-0.655148,5.919155,8.833711,0.242947,3.449778,8.795330,5.298836,9.111800,9.270185,-5.436424,-13.325317,-2.085212,-15.842762,-0.708711,1.045419,-0.680684,-0.701196,1.003447,-0.684670,-0.726127,1.084139,-0.644752,-0.821687,1.600634,1.013243,-0.804852,1.676139,1.159042,-0.824382,1.528706,0.788170,9.242684,9.204900,-4.344264,9.573911,8.105061,-4.759206,9.609988,6.994835,-5.137856,9.572758,5.703077,-5.528600,9.266505,4.376393,-4.985093,8.812716,3.392702,-3.568867,7.644724,2.945825,-3.087770,6.416975,2.901456,-1.762608,5.211084,3.506403,-0.479137,3.837405,4.658686,-0.109934,3.194256,5.833167,0.889171,2.858908,7.118745,3.449527,2.541563,8.249041,4.547930,2.826733,8.994846,5.724648,3.205492,9.610633,6.536350,3.628470,9.804774,7.293813,4.030463,10.075369,7.995526,7.875948,8.667344,-1.441030,7.254608,8.781844,0.033496,6.417521,8.737623,1.315454,5.828881,8.521966,2.036385,5.366850,8.370537,3.168040,4.632512,8.514412,5.310329,4.408144,8.875807,6.020602,4.327606,9.157369,6.846325,4.062489,9.681005,7.322340,3.754213,9.908092,7.908327,5.573441,7.868955,4.716057,5.497369,7.388482,4.268212,5.270461,6.992539,3.688729,4.946841,6.602240,2.856042,6.315866,6.090572,0.510588,5.792990,6.137801,1.133310,5.523182,6.179626,1.769351,5.022987,6.452726,2.191972,4.736705,6.675283,2.952525,7.877455,7.998914,0.058790,7.461807,8.153730,0.661414,7.140168,8.303528,1.055456,6.929451,8.106102,1.469212,7.353826,8.076886,0.739019,7.662939,8.040497,0.570040,5.172606,8.774868,5.719232,4.899426,9.027267,6.152439,4.501902,9.151524,6.646046,4.293733,9.154861,6.872901,4.711864,9.172413,6.407524,4.873579,9.008455,6.062312,8.136844,4.801829,-1.910371,6.988842,5.365009,-0.826231,6.149664,5.689022,0.316945,5.314970,6.015341,1.084142,4.562958,6.398667,1.923897,4.234717,6.784444,2.138036,3.793025,7.155482,2.283731,4.253017,6.562542,1.460720,4.745119,5.912015,0.776008,5.503193,5.563331,-0.005455,6.358478,5.167903,-0.500693,7.255991,5.011126,-0.865281,7.618799,5.095097,-1.447033,6.308293,5.356948,-0.075114,5.332796,5.750872,0.884179,4.651260,6.384147,0.965863,3.947488,7.014348,1.517531,4.883052,6.283821,1.268861,5.766644,5.694828,1.196853,6.842914,5.361146,0.372982,7.394236,8.168119,0.794255,4.781740,9.102863,6.199861,1.079456,0.044965,10.228807,-1.421348,0.564437,12.601443,-4.527869,0.887419,14.102302,-5.144136,1.578377,13.114779,-5.609759,1.736292,12.815871,-3.677377,-0.019458,13.966077,-4.380229,1.239561,11.308145,-5.452410,1.124339,11.135150,-6.437649,0.669534,11.698942,-2.175226,0.168215,11.294477,-3.374745,1.527058,8.585536,-4.698700,0.735119,9.368800,-5.891237,-0.184429,11.289389,-0.871324,0.667701,9.008773,-2.078902,1.998090,6.269083,-3.050107,1.109802,7.112168,-3.842457,-0.052908,8.737459,0.200437,1.372296,6.737979,-0.700519,2.445092,4.979424,-1.193412,2.115036,5.117089,-1.575608,1.463014,5.904412,-6.207714,-17.544168,-2.109551,-3.100913,-19.151363,-5.617745,0.736044,-19.976704,-10.496517,2.167850,-19.820145,-12.840528,3.285409,-20.238148,-13.695168,-3.027452,-19.707504,-2.799018,-1.638051,-19.093124,-6.337525,-1.090463,-19.977669,-7.117759,-0.279512,-21.078182,-6.830889,-5.509075,-18.980614,-1.540471,-2.499730,-16.274403,-7.783602,-1.306083,-14.530794,-6.893650,-1.117600,-13.495904,-4.113967,-7.322769,-18.590548,-1.002802,-5.242086,-16.623091,-5.905437,-4.509790,-16.579565,-5.460975,-4.616903,-16.883696,-3.174898,-8.912385,-18.242893,-0.917042,-8.073450,-17.760052,-3.298361,-7.936335,-17.740963,-2.492194,-8.178214,-18.085220,-0.402605
3.096578,7.762766,0.050624,2.518886,0.465924,-2.248273,7.190184,-4.613731,-5.806404,-1.979435,-12.541553,-11.451473,-3.446054,-22.744011,-3.666214,-2.781724,5.814352,0.764596,-0.639330,-9.151505,4.981690,-2.625482,4.276856,7.576381,-6.111304,-5.737508,-1.081328,-4.636026,-7.584994,3.042279,-0.871668,1.970866,2.547169,-0.770498,2.060018,2.466379,-7.139406,-4.961570,-3.501550,-1.054831,1.595580,1.359327,-1.010951,1.568398,1.269532,4.862587,8.165427,-1.111588,2.798763,8.574699,3.110462,6.926935,7.180230,-5.354781,-13.739651,-2.281341,-17.373327,-1.009267,1.517470,1.244240,-1.018912,1.544510,1.240097,-0.994458,1.572712,1.272252,-0.751976,2.073140,2.532607,-0.724881,2.134142,2.657087,-0.787651,2.009353,2.345405,7.039946,7.552361,-4.357552,7.043787,6.872587,-4.097854,6.730237,6.369822,-4.043088,6.554183,5.564734,-4.532170,6.480244,4.368742,-3.906710,6.228392,3.558002,-3.075477,4.863611,3.164363,-2.730438,3.845125,3.318276,-1.666525,2.823424,4.214791,-0.203605,1.673540,5.039028,0.623442,1.177131,6.112863,1.602100,1.230108,7.399906,4.363309,1.145291,8.591462,5.591748,1.537015,9.269537,6.422231,1.920023,9.683507,6.806719,2.303113,9.603197,7.286327,2.779458,9.728641,7.932931,6.450389,7.539660,-2.331059,6.018741,7.908242,-1.047002,5.234768,8.119678,0.146435,4.588796,8.189292,1.076090,4.000358,8.172383,2.424807,3.737597,8.093407,4.374411,3.510298,8.525325,5.227404,3.447614,8.877889,6.064835,3.091990,9.442860,6.877011,2.723399,9.565225,7.396001,4.632125,8.271078,3.968606,4.540179,7.939579,3.613543,4.231337,7.643669,3.325527,3.774855,7.179637,2.896687,4.912141,6.560279,0.657752,4.393404,6.645157,1.392166,4.065203,6.703634,2.136978,3.551438,7.038501,2.631485,3.242208,7.289138,3.169085,6.510314,7.409221,-0.589413,6.107969,7.664362,0.251222,5.758363,7.942242,0.842436,5.451789,7.917846,1.271423,5.840773,7.771814,0.611847,6.217251,7.555239,0.226011,4.116936,8.850107,5.536225,3.782108,9.065923,6.125002,3.430499,9.278446,6.504206,3.175637,9.225898,7.035845,3.502799,9.249919,6.536349,3.735046,9.112010,5.969359,6.316332,5.151782,-2.300771,5.601064,5.888881,-1.086248,4.758275,6.322429,0.445181,3.936879,6.774891,1.247912,3.055779,7.277413,2.607059,2.589605,7.725120,2.721619,2.012121,7.797525,2.679253,2.089861,7.108675,1.733098,2.474527,6.114257,0.809223,3.208340,5.619333,-0.094689,4.199657,5.142278,-0.515778,5.406989,5.114270,-1.010446,5.921915,5.309615,-1.866481,4.834540,5.961037,-0.035965,3.774173,6.498853,1.052110,3.092559,7.239423,1.649992,2.119982,7.768279,1.894311,2.756940,6.534288,1.485145,3.541957,5.719229,0.892960,4.744998,5.338990,0.217719,5.976304,7.741894,0.522089,3.626691,9.129076,6.359995,-2.350852,4.173790,9.316894,-4.145780,3.909764,12.114540,-7.112202,3.703284,14.339265,-7.791049,3.957832,13.662483,-8.174408,3.772285,13.406314,-6.863293,3.279825,13.079893,-7.774910,4.177925,11.292967,-8.365394,4.115484,11.259227,-8.851192,3.834154,11.883072,-5.889623,3.644734,10.666900,-7.357746,4.618618,9.268039,-8.129198,3.953081,10.333881,-8.750955,3.232090,12.253719,-5.067150,4.292933,8.890393,-6.579889,5.241515,7.378829,-7.056713,4.571174,8.479631,-7.300879,3.674796,10.096124,-4.411301,5.139672,7.162442,-5.618718,5.782794,6.245768,-5.930309,5.432304,6.787992,-6.024003,4.807814,7.765635,-2.030002,-23.146185,-4.171524,-1.598630,-24.985193,-4.873018,-0.018984,-26.494396,-7.459454,2.562114,-25.884779,-9.307673,5.423419,-24.771374,-10.714416,-3.865722,-27.459301,-0.119954,-1.301277,-27.439051,-3.150574,-1.214737,-27.876850,-3.026175,-1.173661,-28.498611,-2.368843,-3.810941,-26.614494,-1.065640,0.718977,-24.464010,-5.099230,0.039239,-22.474380,-1.909986,-2.008882,-21.238791,2.016345,-3.310070,-25.645044,-2.552578,0.294680,-23.993107,-5.920984,0.460541,-22.892406,-4.571253,-0.721136,-22.192781,-2.084555,-2.801020,-24.601778,-4.044870,-0.157369,-23.969257,-5.903230,0.352808,-22.979284,-4.728506,0.127116,-22.302185,-2.499691
3.360317,9.514791,-2.267736,2.987475,2.124771,-2.855259,7.320834,-3.471364,-6.360173,-1.098421,-13.670159,-16.588223,-5.273189,-29.764544,-2.789778,-1.772867,7.602731,0.060100,-2.019145,-5.566918,0.699636,-4.236483,7.120167,9.140018,-5.392488,-4.159218,-4.638340,-3.991213,-5.951183,-0.924178,-0.431852,2.571095,1.453569,-0.359137,2.574680,1.551758,-6.252346,-3.599733,-6.262157,-0.993388,2.297685,0.467809,-0.977764,2.214393,0.530446,5.001722,9.714880,-2.984998,3.427049,9.929242,0.969170,7.053861,8.482603,-6.233961,-13.382145,-2.122301,-16.371424,-0.996774,2.158988,0.503614,-1.026336,2.185340,0.496131,-0.943776,2.212324,0.533018,-0.327687,2.573306,1.611184,-0.282530,2.626628,1.727310,-0.394671,2.530946,1.437662,7.308716,8.883726,-5.929666,7.342890,8.303029,-5.540163,7.054654,7.890218,-5.497650,6.957349,7.197712,-6.101720,7.008564,5.881539,-5.827306,6.727362,4.922476,-5.228654,5.175793,4.350090,-5.067649,3.967282,4.256851,-3.917790,2.937240,5.161510,-1.930525,1.852370,5.978094,-1.504092,1.464300,7.179333,-0.142615,2.014883,8.646838,3.406462,2.150370,9.844826,4.840573,2.637616,10.471975,5.723725,3.012491,10.861292,5.726777,3.360203,10.655149,5.933311,3.754040,10.700867,6.229726,6.502231,8.872490,-4.435647,6.053252,9.144577,-3.059825,5.280250,9.345526,-1.878695,4.654921,9.405501,-0.899400,4.100776,9.398615,0.559512,4.209955,9.095801,2.300827,4.010402,9.447659,3.083188,3.987090,9.687899,3.961267,3.708283,10.264954,4.845632,3.403950,10.439072,5.386779,5.247508,9.801857,1.800322,5.146917,9.473757,1.728116,4.780700,9.197568,1.523294,4.306562,8.814829,0.993581,5.417249,8.249533,-1.020634,5.005944,8.322739,-0.260515,4.746217,8.325183,0.624427,4.196631,8.570283,1.189896,3.980957,8.868450,1.756946,6.792275,8.967030,-2.656545,6.378725,9.118939,-1.812579,6.130424,9.383624,-1.317211,5.952218,9.486204,-0.881840,6.307765,9.402259,-1.452274,6.607296,9.199181,-1.771504,4.848414,10.169419,3.857656,4.440357,10.244401,4.377283,4.163991,10.403339,4.588347,4.017643,10.395727,5.129097,4.367993,10.493666,4.683348,4.536859,10.416839,4.209384,6.774460,6.625500,-4.364795,6.120804,7.347866,-3.306422,5.320459,7.884081,-1.591314,4.511873,8.345319,-0.618031,3.574247,8.815809,0.810136,3.173984,9.220842,1.095940,2.727965,9.107238,1.252734,2.382467,8.233248,0.004257,2.533522,7.050037,-0.986202,3.270658,6.518692,-2.208330,4.346993,6.106664,-2.672874,5.758051,6.239387,-3.237671,6.397978,6.733013,-3.955137,5.416308,7.465650,-2.290768,4.311798,8.037655,-0.996460,3.594791,8.785804,0.037222,2.667074,9.077579,0.269439,2.867442,7.583489,-0.319083,3.731796,6.767781,-1.120715,5.015628,6.382926,-1.927595,6.347467,9.236268,-1.570974,4.371865,10.347828,4.564379,-3.983300,6.301199,11.659813,-5.659057,6.165770,14.444633,-8.097811,6.172689,16.716560,-8.766327,6.368038,16.334637,-9.092547,6.212596,16.119635,-7.976903,5.567965,15.988224,-9.023326,6.108284,14.528627,-9.750044,5.676100,14.852055,-10.444969,5.018477,15.893697,-7.338273,5.637985,13.751581,-8.838182,6.313977,12.191009,-9.739458,5.337811,13.552359,-10.519666,4.336836,15.871429,-6.686988,6.052662,11.858007,-8.213400,6.735035,10.169717,-8.809099,5.770556,11.546233,-9.173104,4.650619,13.526622,-6.161378,6.676720,9.970454,-7.445191,7.056597,9.005013,-7.882282,6.447484,9.739815,-8.029092,5.654035,10.990650,-4.187095,-30.266222,-2.535532,-6.634255,-33.062580,-0.964277,-5.656429,-35.158352,-2.182817,-2.124567,-34.141346,-4.397772,0.792526,-32.367226,-5.642186,-3.573844,-35.307480,-0.372198,1.820950,-34.223518,-2.904729,2.624870,-33.984966,-2.094670,3.278548,-33.982746,-1.079782,-0.611874,-33.436867,-2.553046,5.569343,-30.527122,-4.518917,3.422571,-29.200941,-0.087196,0.214232,-28.571882,4.113249,1.639899,-31.435863,-4.308067,6.130277,-29.150223,-5.077429,4.294227,-28.592813,-2.136463,1.302570,-28.405165,0.979254,3.147120,-29.560022,-5.381479,6.743368,-28.285105,-5.186490,6.052298,-27.391907,-2.579198,4.565298,-26.786657,0.458960
2.749402,10.465586,-1.719662,2.527163,4.081558,-2.895732,6.649463,-1.915017,-6.503778,-1.131305,-12.531049,-18.530441,-3.271688,-32.583378,-3.491999,-1.496814,9.044632,0.157725,-2.001752,-2.729089,-1.811674,-4.937649,8.073252,10.080045,-5.151174,-2.066543,-8.797194,-3.599696,-3.896807,-5.273953,-0.013973,2.906138,-0.240822,0.040822,2.877457,-0.047760,-5.888188,-1.842597,-9.277252,-0.789319,2.811630,-0.970622,-0.799047,2.669643,-0.731160,4.413162,10.501193,-2.193292,3.219766,10.739231,0.944997,6.365762,9.065873,-5.312214,-12.984568,-2.097909,-16.098583,-0.829026,2.611774,-0.738363,-0.867037,2.622543,-0.725614,-0.755910,2.655508,-0.742250,0.076049,2.859421,-0.005356,0.132051,2.906480,0.086024,-0.006557,2.839224,-0.137975,6.848885,9.530560,-5.476312,6.854831,9.013401,-5.147789,6.531267,8.640933,-5.186024,6.430797,8.010699,-5.802421,6.462224,6.709433,-5.608825,6.150164,5.846253,-5.120540,4.520233,5.382108,-5.058765,3.280636,5.390973,-4.003789,2.415092,6.322915,-1.871069,1.465235,7.008135,-1.624211,1.303585,8.254609,-0.147169,2.133127,9.630365,3.708266,2.375017,10.713688,5.089617,2.881728,11.199455,5.910802,3.192788,11.465964,5.802448,3.488160,11.148512,5.894420,3.811989,11.089807,6.092393,5.897088,9.560742,-3.949020,5.503531,9.781052,-2.553556,4.795424,10.000241,-1.383855,4.213236,10.104308,-0.427316,3.688923,10.070056,0.974370,3.969747,9.701366,2.318362,3.819135,10.020805,3.006731,3.835439,10.224090,3.773568,3.595362,10.755728,4.551987,3.324270,10.902181,5.027843,4.940841,10.655800,1.902026,4.811098,10.366222,1.914747,4.419408,10.175922,1.694878,3.902660,9.844466,1.214269,4.870620,9.289719,-0.677769,4.538167,9.369095,0.073372,4.364100,9.370630,0.968390,3.874875,9.558298,1.382556,3.721513,9.806445,1.936823,6.298034,9.816049,-2.165924,5.914683,9.941300,-1.434946,5.719355,10.199509,-0.961603,5.566277,10.341291,-0.532195,5.893318,10.276905,-1.079364,6.159562,10.082945,-1.354463,4.691493,10.883171,3.776992,4.303830,10.917578,4.204280,4.048163,11.038618,4.323071,3.960471,11.041297,4.783746,4.301328,11.180780,4.420081,4.433895,11.126616,4.006004,6.017833,7.755315,-3.797695,5.424972,8.439001,-2.818435,4.700644,8.961374,-1.226051,4.010678,9.339808,-0.372984,3.192283,9.766050,0.956000,2.904762,10.055930,1.277813,2.602819,9.885194,1.579444,2.185357,9.139842,0.288512,2.184563,8.071704,-0.543425,2.729884,7.667415,-1.923684,3.668732,7.325380,-2.256192,5.046554,7.449450,-2.770141,5.646787,7.913080,-3.345760,4.732553,8.522665,-1.931061,3.758466,9.010859,-0.737284,3.207781,9.649349,0.219223,2.530445,9.881234,0.530181,2.597713,8.634751,0.028634,3.342803,8.061469,-0.695378,4.427266,7.676846,-1.471855,5.918162,10.064960,-1.137035,4.262250,11.034535,4.350728,-4.627263,6.893414,13.073141,-6.516238,6.741985,16.260344,-9.065171,6.763061,19.049994,-9.838097,6.842256,19.044716,-10.175236,6.621020,18.960175,-8.793947,5.945446,18.507414,-9.861860,6.245088,17.419809,-10.646726,5.753340,17.846798,-11.437134,5.042103,18.877380,-8.111019,5.946545,16.112785,-9.658112,6.469017,14.727614,-10.650957,5.507215,16.206667,-11.501696,4.525868,18.627529,-7.367567,6.358953,13.951490,-8.985303,6.921679,12.420618,-9.700052,5.948901,13.994682,-10.145931,4.852736,16.184500,-6.771253,7.007266,11.804089,-8.162514,7.292544,11.009257,-8.703894,6.639880,11.924121,-8.906638,5.819372,13.365739,-2.165730,-33.205925,-2.835093,-6.301494,-36.751263,-0.324836,-5.570250,-39.234455,-1.134719,-1.363928,-38.063854,-3.224200,1.471451,-36.103024,-4.081870,1.080709,-38.512794,-3.541208,7.371449,-36.649387,-5.753227,8.543851,-35.903000,-4.778683,9.527573,-35.356659,-3.747745,5.724841,-35.695301,-6.041980,11.866996,-32.251583,-6.148380,8.933086,-32.005322,-1.224477,5.275651,-32.335979,2.695022,8.676800,-32.900986,-7.350797,12.797678,-30.430365,-6.114164,10.253751,-30.962343,-2.905782,6.869924,-31.712177,-0.098865,10.340994,-30.488062,-7.616619,13.690552,-29.067333,-6.115030,12.496229,-28.797808,-3.258689,10.711288,-28.774281,-0.427350
2.210400,11.089676,-0.024048,2.240309,5.707758,-1.850848,6.198293,-0.579848,-5.386818,-0.534711,-11.519415,-19.035368,-0.224908,-33.619286,-4.622258,-1.261426,10.320405,1.090640,-2.128703,-1.222188,-2.408015,-5.293487,7.643347,10.721418,-5.160202,-0.276455,-10.514033,-3.500834,-2.098314,-7.100197,0.365313,3.233609,-1.572845,0.420495,3.207125,-1.343067,-5.699083,-0.389919,-10.095991,-0.611593,3.322501,-2.340531,-0.642835,3.142345,-2.007036,3.933143,11.003508,-0.366460,3.036283,11.280364,2.241130,5.845613,9.671803,-3.535362,-13.212757,-2.214092,-16.449701,-0.684053,3.083114,-2.009301,-0.731004,3.083381,-1.987918,-0.589930,3.118407,-2.019416,0.461745,3.174506,-1.304464,0.528714,3.214817,-1.220573,0.361241,3.175067,-1.426086,6.438513,10.033854,-3.748898,6.442623,9.635062,-3.496908,6.106494,9.341969,-3.614477,5.992914,8.827149,-4.307517,5.926652,7.666426,-4.253076,5.530218,6.964074,-3.925339,3.868655,6.563421,-3.952194,2.556753,6.677984,-2.942842,1.857040,7.632172,-0.635913,1.044152,8.202310,-0.582289,1.161651,9.401947,1.178333,2.241984,10.633844,5.377384,2.570093,11.613172,6.632216,3.137353,11.985254,7.254813,3.433433,12.119875,7.010753,3.701747,11.703518,6.952127,3.960436,11.531822,7.049138,5.397785,10.018723,-2.198859,5.043431,10.192756,-0.793887,4.379287,10.397244,0.354600,3.837253,10.507217,1.274923,3.352085,10.462643,2.576193,3.738090,10.120200,3.623977,3.647407,10.427394,4.204897,3.731969,10.640298,4.820148,3.547504,11.173488,5.484192,3.321209,11.346491,5.914848,4.592863,11.177066,3.422378,4.436772,10.938811,3.454329,4.026969,10.827654,3.201266,3.474725,10.555401,2.658913,4.353114,10.109531,0.830453,4.062677,10.208768,1.563194,3.960451,10.212043,2.486723,3.526143,10.364385,2.833818,3.425510,10.550457,3.386521,5.867149,10.384345,-0.386721,5.523118,10.509029,0.233961,5.364725,10.764816,0.685036,5.220124,10.911736,1.091788,5.517174,10.859085,0.548214,5.757446,10.667062,0.318318,4.535058,11.439283,4.998296,4.203640,11.461584,5.324773,3.980156,11.570572,5.374046,3.934470,11.582672,5.790557,4.240198,11.735731,5.515584,4.323437,11.684113,5.152121,5.463368,8.826489,-2.276580,4.800617,9.363361,-1.277451,4.105157,9.798616,0.260745,3.470158,10.168053,1.051670,2.731752,10.571154,2.363295,2.593372,10.884597,2.797130,2.428720,10.822236,3.304072,2.001272,10.220708,1.867159,1.884911,9.266541,1.036525,2.281309,8.924824,-0.493066,3.144897,8.601068,-0.778452,4.500854,8.688506,-1.200213,5.071580,9.034787,-1.777914,4.089374,9.440699,-0.448548,3.188201,9.875240,0.734056,2.772175,10.486518,1.608501,2.373903,10.813972,2.163588,2.354572,9.777865,1.618508,3.022699,9.377226,0.907681,3.985448,8.941390,0.087226,5.538099,10.636930,0.569102,4.179691,11.580426,5.440669,-5.011324,6.285358,13.934392,-7.123386,6.154910,17.196901,-9.822459,6.231703,20.051451,-10.611653,6.307177,20.116047,-10.975580,6.093608,20.013491,-9.311481,5.299714,19.546825,-10.265480,5.637783,18.298046,-11.076332,5.180676,18.623404,-11.914173,4.486002,19.515232,-8.476321,5.271499,17.102043,-9.970249,5.864772,15.582285,-11.048061,4.885135,17.069702,-11.976453,3.879219,19.528250,-7.598475,5.693606,14.838544,-9.197534,6.307832,13.268328,-9.992355,5.283746,14.898429,-10.517095,4.136993,17.183453,-6.881374,6.375761,12.565902,-8.278351,6.692644,11.804858,-8.892479,6.010358,12.799069,-9.154460,5.129437,14.338758,0.927318,-34.271469,-3.733549,-3.538049,-38.197792,-1.404789,-2.633560,-40.858952,-2.460605,1.900739,-39.510475,-4.612672,4.587226,-37.358410,-5.406686,5.798921,-39.648926,-6.321403,12.352605,-37.497177,-8.519814,14.058104,-36.502453,-7.714773,15.586853,-35.647099,-6.736571,10.917760,-36.268799,-8.620368,17.186161,-32.523895,-8.126669,14.452409,-32.621712,-3.015631,10.990382,-33.297749,0.807372,13.870057,-33.089985,-9.434055,17.941473,-30.516174,-7.501608,15.600758,-31.321173,-4.435695,12.515568,-32.289120,-1.936475,15.302837,-30.466541,-9.166368,18.456045,-28.967436,-7.173977,17.248974,-28.803417,-4.277088,15.510441,-28.845150,-1.581878
2.306452,10.999676,0.294945,1.955569,6.049269,-1.050001,5.802222,-0.242481,-4.527152,-0.385787,-11.110446,-19.025551,0.783302,-33.841652,-4.557386,-1.235072,10.334170,1.859982,-2.418605,-1.069303,-2.346811,-5.525808,7.191886,11.095883,-5.128687,0.324113,-10.078920,-3.470266,-1.441232,-6.779487,0.512456,3.228055,-2.677183,0.559655,3.198601,-2.394554,-5.555674,0.075230,-9.348483,-0.468215,3.400155,-3.693785,-0.506930,3.196357,-3.311830,3.899150,10.904447,-0.038513,3.065800,11.137383,2.456433,5.632911,9.667605,-2.861426,-13.252216,-2.203179,-16.422197,-0.547780,3.138407,-3.319228,-0.592420,3.136275,-3.300086,-0.454838,3.166892,-3.314533,0.600352,3.161235,-2.343870,0.668225,3.198516,-2.251372,0.499238,3.169494,-2.486253,6.275320,10.015722,-3.423373,6.324159,9.670875,-3.138327,6.035960,9.410824,-3.231779,5.973128,8.946186,-3.910603,5.913805,7.893668,-3.855835,5.569260,7.279752,-3.537921,4.045058,6.885095,-3.540128,2.827699,7.016256,-2.506452,2.281043,7.827590,-0.101473,1.472827,8.294057,-0.138417,1.567150,9.403206,1.627814,2.559502,10.551846,5.744566,2.811959,11.514928,6.831684,3.326912,11.866337,7.277099,3.586003,11.981102,6.979234,3.828618,11.568579,6.856224,4.037392,11.383842,6.949109,5.309708,9.974022,-2.065345,4.978447,10.110197,-0.653823,4.337643,10.282009,0.460146,3.825210,10.368084,1.366782,3.365477,10.293340,2.610178,3.791468,9.927654,3.565867,3.703225,10.236353,4.128434,3.793724,10.450179,4.709950,3.614225,10.975895,5.347075,3.390759,11.157063,5.775081,4.617130,10.984167,3.504071,4.493556,10.750792,3.538299,4.133361,10.676363,3.247155,3.641326,10.429654,2.662100,4.493470,10.058890,0.920671,4.228265,10.147658,1.645987,4.154118,10.124695,2.563121,3.728515,10.263176,2.877211,3.629252,10.422664,3.434595,5.831878,10.312155,-0.213665,5.517996,10.438120,0.338868,5.373923,10.671049,0.788248,5.240731,10.798100,1.169481,5.515544,10.756802,0.630479,5.739563,10.581644,0.425178,4.608633,11.274456,4.925794,4.289666,11.294353,5.233813,4.078164,11.398282,5.264253,4.033386,11.402495,5.684671,4.336288,11.554080,5.420637,4.414657,11.512380,5.060194,5.713374,8.941225,-2.070416,5.009066,9.397420,-1.108519,4.304445,9.769872,0.388577,3.690454,10.133339,1.174665,2.971632,10.506080,2.464621,2.890185,10.832897,2.972470,2.754128,10.825662,3.622045,2.455817,10.300641,2.209669,2.375393,9.440891,1.369977,2.732370,9.157508,-0.174599,3.550951,8.865650,-0.488453,4.826217,8.915256,-0.893806,5.324556,9.174314,-1.522486,4.318806,9.504097,-0.258937,3.456392,9.906805,0.912427,3.074166,10.473340,1.759200,2.745162,10.829235,2.457358,2.792765,9.895594,1.904768,3.429246,9.571902,1.207492,4.343689,9.132558,0.341227,5.531919,10.556981,0.682209,4.264577,11.408061,5.339169,-5.239347,5.833599,14.268139,-7.451440,5.654253,17.551922,-10.271070,5.696000,20.411907,-11.110543,5.763647,20.499226,-11.481041,5.566522,20.378851,-9.542308,4.770678,19.772976,-10.514825,5.157022,18.481367,-11.396396,4.737300,18.864229,-12.292758,4.077091,19.767643,-8.624901,4.768035,17.329203,-10.210402,5.408863,15.882225,-11.371902,4.445920,17.490761,-12.339004,3.456519,20.021112,-7.715839,5.214721,15.071312,-9.416664,5.850770,13.641714,-10.285895,4.820529,15.400662,-10.853771,3.671727,17.764738,-6.982960,5.916890,12.806005,-8.471839,6.236172,12.201341,-9.148918,5.558438,13.309557,-9.446172,4.669299,14.948956,1.865414,-34.378666,-3.576782,-3.159432,-38.499050,-1.037711,-2.445966,-41.213924,-1.975091,2.435740,-39.865643,-4.175413,5.343781,-37.703365,-4.986544,7.013448,-39.473316,-6.759581,13.693573,-37.273300,-8.716516,15.772682,-36.166870,-7.913950,17.669624,-35.120945,-6.912325,12.581322,-35.785862,-8.953679,19.070866,-32.003506,-7.907424,16.723392,-32.240261,-2.732075,13.599042,-33.015705,0.987924,15.754843,-32.413441,-9.473634,20.059637,-29.863592,-6.919155,18.062096,-30.691204,-3.999499,15.298438,-31.614481,-1.800765,17.332716,-29.705748,-8.817627,20.639076,-28.172949,-6.293776,19.613953,-27.953903,-3.371479,18.057404,-27.853960,-0.816083
2.513955,10.753973,-0.048922,1.470820,5.917671,-0.895156,5.372690,-0.500076,-4.374311,-0.609448,-11.276213,-19.081436,0.976379,-33.893940,-4.247015,-1.602279,10.027466,2.082742,-2.783694,-1.628175,-2.354925,-5.667055,6.712101,11.477367,-5.359060,0.354019,-9.769415,-3.654583,-1.418662,-6.408223,0.526985,3.155072,-3.219717,0.564033,3.114572,-2.884215,-5.757009,0.061088,-8.963983,-0.396837,3.342525,-4.433572,-0.434920,3.118536,-4.016725,3.994337,10.691344,-0.455450,3.106391,10.899383,2.153947,5.553314,9.441143,-3.038602,-13.318966,-2.213837,-16.569086,-0.471345,3.061417,-4.027549,-0.510270,3.055698,-4.010599,-0.386913,3.086600,-4.011920,0.601956,3.077092,-2.822446,0.667389,3.114550,-2.721530,0.506074,3.085353,-2.984189,6.247158,9.863617,-3.965934,6.330792,9.513556,-3.640697,6.080234,9.237833,-3.689137,6.062457,8.762273,-4.310751,6.029107,7.754136,-4.182533,5.752067,7.183421,-3.786175,4.352609,6.808036,-3.721526,3.244127,6.970766,-2.635804,2.794265,7.660817,-0.171233,1.942006,8.056247,-0.201928,1.930439,9.098980,1.515517,2.754368,10.209764,5.489175,2.909403,11.191391,6.443031,3.364538,11.550021,6.761961,3.596786,11.687745,6.461570,3.834441,11.312632,6.304702,4.026188,11.151078,6.416048,5.378453,9.841595,-2.760274,5.063223,9.963600,-1.329154,4.433825,10.114087,-0.228676,3.937359,10.183008,0.688762,3.488484,10.075360,1.912503,3.906482,9.682483,2.910586,3.805259,10.003589,3.502268,3.877212,10.219884,4.108219,3.682009,10.734046,4.752523,3.442875,10.912749,5.192824,4.725408,10.691683,2.901043,4.633911,10.441816,2.932568,4.324710,10.378645,2.616151,3.895323,10.132130,2.016957,4.736526,9.776806,0.310362,4.480989,9.854436,1.040750,4.410395,9.811378,1.966845,3.977098,9.948829,2.274020,3.860747,10.101551,2.849676,5.921142,10.105880,-0.865426,5.625790,10.239305,-0.347474,5.480455,10.452273,0.124637,5.342901,10.554459,0.505982,5.611219,10.514014,-0.055272,5.833123,10.355975,-0.265563,4.698453,10.988502,4.255538,4.381612,11.019343,4.587437,4.165493,11.122481,4.637490,4.102416,11.116287,5.080994,4.413262,11.255567,4.792307,4.506567,11.220697,4.401338,6.076904,8.747697,-2.555544,5.331570,9.169795,-1.615955,4.601724,9.504134,-0.147657,3.995497,9.854692,0.639360,3.277800,10.212975,1.918327,3.211340,10.545865,2.487677,3.055447,10.587223,3.258960,2.929079,10.112784,1.902065,2.931960,9.335576,1.051331,3.281769,9.098454,-0.488717,4.066153,8.827548,-0.838630,5.260509,8.826314,-1.262994,5.685843,9.007586,-1.949687,4.650498,9.295865,-0.729964,3.808634,9.678333,0.429807,3.428343,10.209383,1.262712,3.103830,10.601999,2.081370,3.285659,9.751083,1.524455,3.907009,9.470271,0.837538,4.798942,9.032146,-0.062366,5.631910,10.345444,0.005660,4.345212,11.127038,4.698438,-5.321229,5.462501,14.567202,-7.543198,5.228952,17.865345,-10.452336,5.216929,20.773973,-11.366229,5.270169,20.960449,-11.764240,5.067062,20.889856,-9.619526,4.367736,19.983721,-10.673342,4.776848,18.817846,-11.635991,4.386602,19.349377,-12.587457,3.765917,20.330673,-8.692686,4.393537,17.588318,-10.405589,5.041995,16.388025,-11.614777,4.123456,18.145323,-12.576900,3.184354,20.734156,-7.806204,4.851656,15.392324,-9.630911,5.477486,14.240493,-10.545388,4.487649,16.144808,-11.120182,3.386872,18.568436,-7.103536,5.549335,13.202938,-8.692986,5.852520,12.841311,-9.403093,5.207592,14.066504,-9.708303,4.352136,15.779328,1.961470,-34.294319,-3.288743,-3.640206,-38.415115,-0.430364,-3.253340,-41.002670,-1.104506,1.828791,-39.655617,-3.233109,4.991817,-37.532482,-4.010019,7.072282,-38.862488,-6.588724,13.737108,-36.606743,-8.200401,15.955922,-35.381950,-7.290723,17.992899,-34.164837,-6.215837,12.992135,-35.030872,-8.698219,19.554161,-31.235559,-7.111610,17.483976,-31.547691,-1.917528,14.628160,-32.363007,1.686749,16.377548,-31.588558,-9.010907,20.826176,-29.009581,-5.883139,19.030727,-29.763304,-3.031365,16.469017,-30.567053,-1.028846,18.128977,-28.882477,-8.033541,21.537222,-27.281673,-5.027098,20.643387,-26.973547,-2.090332,19.230463,-26.708563,0.339757
2.741334,10.523739,-0.457111,1.256707,5.694633,-0.914807,5.184823,-0.783125,-4.400354,-0.614324,-11.308266,-19.125536,0.854159,-33.882229,-4.111544,-1.786325,9.763897,2.134110,-2.997433,-2.076059,-2.383067,-5.787470,6.412269,11.766270,-5.498722,0.274279,-9.552566,-3.764173,-1.512208,-6.135747,0.517391,3.098284,-3.505175,0.546393,3.046791,-3.129746,-5.899961,-0.022163,-8.763119,-0.359124,3.291440,-4.856612,-0.395575,3.048942,-4.408705,4.146019,10.498724,-0.931521,3.201283,10.694206,1.767133,5.599191,9.252095,-3.363885,-13.355526,-2.198694,-16.571405,-0.428535,2.992198,-4.422179,-0.463242,2.984343,-4.407194,-0.350775,3.015518,-4.398596,0.581920,3.009804,-3.060059,0.645230,3.048024,-2.953302,0.490620,3.016876,-3.235523,6.327852,9.714974,-4.541811,6.438285,9.343450,-4.190548,6.218327,9.043796,-4.207288,6.236540,8.545708,-4.795949,6.230033,7.548304,-4.633276,5.997212,6.985535,-4.176943,4.665521,6.608640,-4.057926,3.612727,6.780671,-2.911221,3.195860,7.390591,-0.385416,2.305131,7.746212,-0.393084,2.213264,8.765296,1.305061,2.920770,9.867079,5.201986,3.016031,10.877590,6.071600,3.438796,11.253116,6.308936,3.655227,11.422450,6.000119,3.885532,11.084392,5.817816,4.066173,10.948759,5.935851,5.527472,9.709156,-3.439078,5.219847,9.826954,-1.993745,4.595023,9.966624,-0.899930,4.107725,10.028974,0.030414,3.660784,9.897505,1.257754,4.056466,9.488029,2.327615,3.939736,9.818452,2.943952,3.993900,10.036859,3.575351,3.784728,10.542802,4.230666,3.533680,10.717217,4.681639,4.879547,10.447023,2.308008,4.808053,10.176763,2.346297,4.528433,10.109906,2.034568,4.140133,9.853601,1.438473,4.986251,9.493551,-0.265908,4.730255,9.561985,0.479993,4.656582,9.503654,1.426740,4.210569,9.644162,1.733901,4.080664,9.797290,2.321527,6.075628,9.908100,-1.507451,5.787460,10.048607,-1.005902,5.637867,10.249846,-0.513455,5.496506,10.332455,-0.131425,5.763629,10.288935,-0.708201,5.986049,10.141430,-0.925161,4.821881,10.740911,3.653789,4.503440,10.782736,4.011487,4.282550,10.888284,4.083492,4.201643,10.871843,4.554214,4.520954,11.000691,4.239229,4.629356,10.969969,3.813136,6.416843,8.496632,-3.073500,5.635042,8.902835,-2.146842,4.882840,9.216164,-0.682702,4.277143,9.561687,0.119560,3.546927,9.916633,1.401368,3.486446,10.247748,2.017338,3.303902,10.316480,2.877273,3.301309,9.869057,1.536060,3.364084,9.138190,0.677659,3.723334,8.929876,-0.878480,4.496001,8.668853,-1.261373,5.642421,8.637637,-1.701916,6.021612,8.774474,-2.423919,4.958986,9.038580,-1.232483,4.118213,9.411346,-0.063488,3.723975,9.924692,0.774926,3.393807,10.342003,1.678577,3.672592,9.540083,1.110032,4.300197,9.280133,0.416234,5.188466,8.839022,-0.513877,5.785159,10.142190,-0.641113,4.457661,10.884920,4.131248,-5.398443,5.255193,14.816399,-7.607571,5.001390,18.115576,-10.557678,4.963458,21.041842,-11.533356,5.003520,21.303925,-11.961399,4.789268,21.267122,-9.692657,4.156671,20.199707,-10.821396,4.572026,19.152607,-11.853301,4.201046,19.815851,-12.850959,3.610684,20.868010,-8.777296,4.190780,17.847315,-10.583863,4.833798,16.832996,-11.840319,3.949033,18.710615,-12.809448,3.051845,21.352041,-7.916728,4.647096,15.697300,-9.828588,5.260410,14.738822,-10.788549,4.302169,16.757576,-11.380857,3.239288,19.235119,-7.240031,5.330336,13.560239,-8.896203,5.625882,13.362323,-9.634093,5.006616,14.673085,-9.951184,4.177868,16.441263,1.764019,-34.212055,-3.190765,-4.346487,-38.339268,-0.040488,-4.318137,-40.867950,-0.444652,0.845067,-39.579708,-2.501972,4.163763,-37.533390,-3.249769,6.631670,-38.489620,-6.364873,13.282413,-36.227638,-7.738028,15.635132,-34.910774,-6.733840,17.796606,-33.559231,-5.587525,12.857042,-34.589142,-8.465492,19.442806,-30.821829,-6.554071,17.639599,-31.167513,-1.362699,15.051409,-31.991400,2.170332,16.450186,-31.112040,-8.679667,20.975065,-28.532827,-5.171109,19.366817,-29.232149,-2.329515,16.994110,-29.946724,-0.419531,18.381907,-28.410278,-7.518218,21.830111,-26.791883,-4.180449,21.051283,-26.435902,-1.226894,19.769415,-26.069538,1.131415
2.939270,10.344893,-0.802230,1.264958,5.513549,-1.027365,5.191965,-0.967184,-4.520710,-0.404810,-11.093325,-19.161030,0.546750,-33.828506,-4.205951,-1.797443,9.622705,2.081248,-3.151329,-2.329556,-2.518023,-5.918990,6.296242,11.962268,-5.552858,0.183613,-9.485745,-3.803331,-1.616561,-6.031092,0.506656,3.083959,-3.593983,0.529743,3.020971,-3.189049,-5.973275,-0.099729,-8.753708,-0.348279,3.281161,-5.037917,-0.383346,3.019256,-4.561541,4.307075,10.352309,-1.330208,3.323008,10.550014,1.412892,5.717275,9.135590,-3.680655,-13.368050,-2.168083,-16.467350,-0.414671,2.962426,-4.577517,-0.447479,2.954197,-4.564766,-0.340107,2.985158,-4.547565,0.563992,2.984412,-3.114108,0.626315,3.023403,-3.003637,0.475028,2.990355,-3.298583,6.468579,9.593402,-5.002874,6.595539,9.194617,-4.640155,6.396419,8.872070,-4.642148,6.436712,8.351730,-5.227334,6.448444,7.345304,-5.080438,6.228798,6.767066,-4.594262,4.908365,6.366967,-4.435462,3.856876,6.525009,-3.221381,3.425052,7.093863,-0.626658,2.512335,7.435651,-0.617632,2.378974,8.474477,1.092650,3.037417,9.592160,4.979910,3.116107,10.635434,5.809587,3.536717,11.031092,6.010255,3.750979,11.230736,5.685381,3.973540,10.921645,5.485507,4.147756,10.806696,5.598386,5.708158,9.597237,-3.953391,5.400907,9.716591,-2.501876,4.775815,9.853583,-1.410730,4.293091,9.919730,-0.469633,3.841138,9.775599,0.778752,4.209742,9.360962,1.927635,4.078367,9.695976,2.557652,4.119852,9.916498,3.207764,3.901726,10.418686,3.874242,3.644808,10.589881,4.330134,5.040247,10.275801,1.852743,4.975280,9.985318,1.907552,4.702235,9.904318,1.625954,4.332146,9.632286,1.044828,5.189095,9.258213,-0.676455,4.927046,9.319701,0.091690,4.848970,9.250266,1.066394,4.389086,9.395567,1.373022,4.253578,9.554110,1.964756,6.248561,9.747843,-1.991882,5.959042,9.893588,-1.495680,5.805295,10.091411,-0.989697,5.663970,10.162650,-0.609555,5.932225,10.114283,-1.191114,6.154532,9.969965,-1.410947,4.951873,10.565316,3.235147,4.630291,10.614642,3.612939,4.407739,10.724678,3.701992,4.313192,10.699800,4.200671,4.639973,10.822717,3.864035,4.759410,10.793738,3.405200,6.661504,8.249579,-3.481454,5.857113,8.648866,-2.566140,5.092844,8.955449,-1.087364,4.484390,9.304897,-0.257677,3.733280,9.664340,1.036535,3.677154,9.985202,1.682162,3.471498,10.059542,2.593294,3.532265,9.619547,1.232158,3.620073,8.900087,0.375207,3.996690,8.705278,-1.217811,4.774323,8.446559,-1.629135,5.903068,8.409581,-2.077047,6.262028,8.537787,-2.802024,5.184637,8.786597,-1.633878,4.332347,9.157130,-0.438139,3.916300,9.667134,0.421027,3.586047,10.094140,1.367847,3.906758,9.311675,0.786488,4.555940,9.058785,0.074668,5.450838,8.611300,-0.884605,5.949809,9.977098,-1.119132,4.579094,10.712550,3.741799,-5.507699,5.199640,15.022864,-7.683062,4.970023,18.304184,-10.619983,4.939378,21.201273,-11.633142,4.969760,21.502159,-12.082949,4.746531,21.473141,-9.779592,4.128257,20.413588,-10.962143,4.534650,19.455339,-12.048846,4.174054,20.223589,-13.083785,3.605155,21.332850,-8.889817,4.144326,18.097977,-10.747535,4.770284,17.189552,-12.053949,3.904169,19.158241,-13.047040,3.036719,21.849253,-8.053755,4.581134,15.975232,-10.010765,5.179766,15.115635,-11.020637,4.240226,17.219772,-11.645269,3.201579,19.748194,-7.394421,5.237139,13.862447,-9.081877,5.532483,13.746158,-9.847445,4.928460,15.116221,-10.184675,4.115556,16.928364,1.395816,-34.145428,-3.318114,-5.214982,-38.341034,0.116990,-5.573865,-40.933971,-0.018091,-0.386227,-39.785709,-2.039436,3.003872,-37.859509,-2.777726,5.875031,-38.411469,-6.224130,12.569113,-36.196007,-7.462584,15.099504,-34.820259,-6.370930,17.409891,-33.368992,-5.143968,12.428944,-34.465374,-8.393416,19.044945,-30.767450,-6.323171,17.528959,-31.137394,-1.124038,15.220731,-31.962963,2.395838,16.261631,-30.948746,-8.590981,20.840794,-28.414370,-4.833576,19.441502,-29.110645,-1.946984,17.270645,-29.788759,-0.048448,18.403698,-28.227585,-7.349894,21.873356,-26.649553,-3.785548,21.219067,-26.298700,-0.801260,20.076353,-25.900936,1.536984
3.123209,10.206988,-1.079912,1.360127,5.342437,-1.157784,5.285379,-1.117006,-4.671816,-0.104722,-10.804902,-19.157125,0.202871,-33.699482,-4.432807,-1.754340,9.521460,2.018449,-3.270229,-2.511439,-2.641536,-6.029121,6.240292,12.103743,-5.571820,0.067944,-9.429883,-3.814444,-1.746071,-5.942172,0.486943,3.062090,-3.609428,0.504319,2.987549,-3.178303,-6.020518,-0.190889,-8.782374,-0.345875,3.261166,-5.120447,-0.379212,2.979768,-4.614675,4.473940,10.244533,-1.659427,3.453693,10.447434,1.122627,5.869073,9.057468,-3.971653,-13.345458,-2.127604,-16.295357,-0.409050,2.922802,-4.632778,-0.440308,2.915032,-4.621970,-0.337432,2.945353,-4.597868,0.537235,2.951687,-3.099495,0.598446,2.991608,-2.986365,0.450793,2.956066,-3.290558,6.636541,9.494773,-5.378446,6.775672,9.066236,-5.008527,6.592947,8.720534,-5.000195,6.649977,8.176912,-5.588590,6.676136,7.152153,-5.467571,6.459089,6.550005,-4.960477,5.128479,6.122446,-4.772616,4.058543,6.260814,-3.493568,3.591717,6.807446,-0.841402,2.661920,7.148689,-0.818897,2.500869,8.220393,0.908192,3.135867,9.363716,4.806587,3.214203,10.439097,5.613840,3.644159,10.855522,5.796091,3.861074,11.084393,5.457174,4.076713,10.800774,5.246556,4.246848,10.704466,5.351191,5.903183,9.513546,-4.354411,5.593465,9.637333,-2.900762,4.965766,9.775158,-1.810395,4.484951,9.848506,-0.860375,4.025978,9.698045,0.415231,4.366187,9.282548,1.640080,4.221241,9.619843,2.279565,4.252262,9.842359,2.944158,4.026953,10.341893,3.620295,3.766596,10.509176,4.078751,5.201835,10.150503,1.505579,5.139242,9.841874,1.577351,4.865435,9.744374,1.330282,4.504285,9.456453,0.765587,5.374273,9.063171,-0.979774,5.104304,9.118792,-0.189935,5.021992,9.041124,0.812986,4.549161,9.191644,1.117995,4.410192,9.356118,1.711900,6.431033,9.622144,-2.367999,6.137748,9.773889,-1.871274,5.978856,9.972032,-1.354462,5.837410,10.033231,-0.977148,6.108127,9.979277,-1.560516,6.331321,9.834941,-1.782621,5.086983,10.437192,2.928412,4.763090,10.494740,3.323022,4.538746,10.610072,3.428324,4.431961,10.577085,3.952189,4.764710,10.694371,3.596684,4.893535,10.665666,3.108346,6.869053,8.022899,-3.798747,6.048765,8.420964,-2.892744,5.276617,8.727544,-1.395025,4.663606,9.083862,-0.536972,3.889735,9.450756,0.772666,3.835975,9.758104,1.438190,3.609945,9.828206,2.379308,3.708028,9.387465,0.990897,3.808228,8.666352,0.139805,4.203804,8.477771,-1.492511,4.992525,8.217740,-1.927733,6.116369,8.183484,-2.379621,6.464444,8.318472,-3.096048,5.378084,8.556974,-1.947335,4.509868,8.928707,-0.721835,4.071089,9.441031,0.157619,3.741913,9.870399,1.129334,4.082185,9.095639,0.538281,4.757213,8.844139,-0.193112,5.663291,8.388957,-1.177125,6.121656,9.848212,-1.484362,4.707719,10.588184,3.460157,-5.600430,5.195936,15.180262,-7.731852,5.001772,18.429752,-10.636001,4.987176,21.282619,-11.676725,5.009594,21.608482,-12.146567,4.777294,21.581636,-9.843018,4.162187,20.578024,-11.068569,4.555002,19.690887,-12.201333,4.196864,20.550020,-13.267757,3.640279,21.710171,-8.985712,4.153972,18.298019,-10.873843,4.758710,17.457449,-12.227439,3.900123,19.502964,-13.249384,3.051324,22.241383,-8.175591,4.566278,16.199009,-10.156837,5.149558,15.394023,-11.213552,4.218508,17.568684,-11.873475,3.193491,20.146723,-7.532815,5.190847,14.103589,-9.235326,5.487591,14.032777,-10.025712,4.891740,15.449149,-10.384153,4.087789,17.299784,1.003085,-34.026112,-3.579159,-6.067025,-38.301685,0.106632,-6.815617,-40.993221,0.220465,-1.649511,-40.012985,-1.770030,1.769681,-38.222775,-2.504654,5.040765,-38.378845,-6.180669,11.775086,-36.245388,-7.323804,14.472713,-34.843124,-6.149006,16.921854,-33.326805,-4.842227,11.902936,-34.406040,-8.435393,18.530333,-30.807764,-6.286563,17.285376,-31.202635,-1.081611,15.241727,-32.029697,2.449350,15.969481,-30.856213,-8.644625,20.580633,-28.393955,-4.717959,19.385828,-29.107203,-1.771313,17.410295,-29.770124,0.150648,18.319847,-28.111528,-7.364587,21.795427,-26.601522,-3.640929,21.262121,-26.275955,-0.628410,20.252943,-25.874792,1.709855
3.318711,10.098378,-1.275638,1.523491,5.168712,-1.225455,5.434409,-1.235680,-4.766240,0.256521,-10.484100,-19.085512,-0.102230,-33.478848,-4.739211,-1.655664,9.420482,2.024808,-3.341928,-2.636834,-2.685221,-6.110476,6.190281,12.193618,-5.540936,-0.052558,-9.274192,-3.787304,-1.873811,-5.770730,0.460404,3.002269,-3.656343,0.471544,2.917578,-3.199648,-6.019727,-0.279271,-8.724688,-0.336572,3.205353,-5.221976,-0.367877,2.905256,-4.683716,4.653763,10.165560,-1.904188,3.599419,10.365286,0.912718,6.040620,9.008181,-4.184599,-13.261963,-2.067877,-16.013756,-0.395637,2.848462,-4.703557,-0.424728,2.841933,-4.694286,-0.328188,2.870472,-4.664726,0.502455,2.882634,-3.117666,0.561866,2.923588,-3.002358,0.419937,2.885199,-3.314144,6.820185,9.416950,-5.649169,6.973391,8.960736,-5.270231,6.809527,8.593337,-5.250188,6.886159,8.027396,-5.840453,6.928754,6.982772,-5.741977,6.717023,6.355002,-5.216950,5.376893,5.900636,-5.009523,4.287314,6.016629,-3.672502,3.781314,6.543147,-0.981893,2.834444,6.887777,-0.950786,2.646237,7.988559,0.784281,3.260745,9.157323,4.687845,3.339229,10.262082,5.474169,3.778060,10.699214,5.640777,3.995603,10.956515,5.290671,4.202200,10.697594,5.074689,4.365848,10.619540,5.172049,6.109387,9.455210,-4.643321,5.796782,9.582903,-3.191435,5.166103,9.721594,-2.103264,4.686785,9.801050,-1.147859,4.222102,9.647475,0.154183,4.536065,9.230827,1.442528,4.377924,9.568167,2.088438,4.399396,9.791500,2.762354,4.167307,10.287336,3.445042,3.904778,10.449048,3.904687,5.374657,10.046641,1.262932,5.316473,9.722983,1.348958,5.043696,9.611092,1.131458,4.691098,9.310983,0.579332,5.576683,8.898757,-1.186877,5.299302,8.948161,-0.379235,5.214142,8.862659,0.646528,4.729710,9.017930,0.947302,4.586905,9.186122,1.542862,6.627228,9.523338,-2.636152,6.330769,9.682066,-2.137063,6.166111,9.881065,-1.611988,6.024570,9.930096,-1.240616,6.297415,9.871145,-1.823082,6.522110,9.726254,-2.045924,5.240085,10.332547,2.710294,4.914816,10.400059,3.118189,4.687990,10.520541,3.239020,4.569715,10.478669,3.783450,4.907068,10.589481,3.411915,5.044498,10.560712,2.898606,7.093588,7.821134,-4.020599,6.260062,8.221085,-3.123375,5.480982,8.529617,-1.609265,4.862509,8.893529,-0.724887,4.066405,9.267103,0.599208,4.013464,9.559813,1.278054,3.769898,9.619600,2.236547,3.896049,9.175632,0.826097,4.006809,8.450441,-0.017217,4.421262,8.265816,-1.682102,5.223179,8.003901,-2.137552,6.345648,7.974530,-2.591042,6.683841,8.121885,-3.298912,5.591557,8.355302,-2.166959,4.706543,8.729424,-0.914537,4.246362,9.244426,-0.020714,3.915790,9.669294,0.967578,4.267685,8.897152,0.371950,4.969157,8.645448,-0.376626,5.888593,8.182905,-1.380491,6.307482,9.746913,-1.742365,4.855726,10.488017,3.261593,-5.667405,5.193430,15.273052,-7.758822,5.029384,18.483253,-10.628892,5.028269,21.286398,-11.690995,5.043413,21.622393,-12.178247,4.801817,21.591558,-9.879256,4.191621,20.659197,-11.139021,4.574273,19.816944,-12.311529,4.213541,20.750225,-13.405356,3.661506,21.953259,-9.050277,4.163720,18.409321,-10.958303,4.751260,17.602736,-12.357490,3.891966,19.714235,-13.410666,3.051211,22.497919,-8.263808,4.555108,16.330114,-10.259241,5.127346,15.545225,-11.359270,4.194806,17.779108,-12.054281,3.172259,20.405930,-7.636531,5.151489,14.246997,-9.347799,5.451614,14.196846,-10.161255,4.858011,15.650348,-10.540172,4.056377,17.537189,0.661816,-33.823608,-3.918142,-6.806288,-38.180519,-0.030666,-7.925880,-40.977123,0.300819,-2.811329,-40.168270,-1.655528,0.617752,-38.514111,-2.388738,4.245876,-38.294949,-6.232551,10.994551,-36.269958,-7.295591,13.835485,-34.872219,-6.045474,16.407751,-33.324116,-4.666500,11.375778,-34.305805,-8.563005,17.991217,-30.831165,-6.380054,16.994375,-31.256105,-1.178295,15.196185,-32.087120,2.372299,15.653236,-30.729141,-8.787536,20.278984,-28.362350,-4.746397,19.280413,-29.102638,-1.748072,17.491194,-29.759798,0.205979,18.196466,-27.961849,-7.481242,21.667311,-26.537323,-3.644416,21.247967,-26.244768,-0.613532,20.362589,-25.850214,1.729459
3.528350,10.025087,-1.390074,1.738753,5.003455,-1.226375,5.623765,-1.321429,-4.796074,0.662666,-10.153218,-18.964830,-0.351743,-33.198017,-5.106332,-1.510990,9.325471,2.103230,-3.383319,-2.713839,-2.660364,-6.169809,6.134897,12.241723,-5.469926,-0.166696,-9.036119,-3.728693,-1.989580,-5.530434,0.430364,2.910231,-3.744878,0.434940,2.817010,-3.262924,-5.978827,-0.356856,-8.590653,-0.319084,3.120027,-5.358610,-0.348178,2.802186,-4.785179,4.845875,10.120782,-2.066483,3.760247,10.308378,0.784019,6.225178,8.991301,-4.311676,-13.130672,-1.994076,-15.644444,-0.373333,2.745813,-4.806503,-0.399704,2.741251,-4.798370,-0.311137,2.766887,-4.764421,0.463263,2.783048,-3.178165,0.520290,2.825069,-3.060888,0.385830,2.783739,-3.379386,7.015543,9.366235,-5.820720,7.185803,8.885136,-5.430017,7.044487,8.497366,-5.395798,7.144668,7.910342,-5.985227,7.206241,6.846571,-5.904257,7.004026,6.193513,-5.362258,5.658882,5.714660,-5.142337,4.551199,5.807419,-3.754597,4.006248,6.313012,-1.044368,3.041894,6.662104,-1.009059,2.824846,7.786622,0.724300,3.417887,8.978382,4.621561,3.494121,10.109622,5.384782,3.939237,10.566555,5.536350,4.154716,10.850879,5.178737,4.350650,10.615997,4.962131,4.505161,10.555783,5.054048,6.324727,9.428487,-4.829953,6.009564,9.558819,-3.382897,5.376005,9.697967,-2.298274,4.898355,9.782000,-1.340773,4.429797,9.627320,-0.014589,4.720632,9.208476,1.324706,4.550046,9.544065,1.974771,4.562831,9.767058,2.653051,4.324212,10.257843,3.339247,4.060372,10.412348,3.798783,5.560349,9.967658,1.116474,5.509425,9.632143,1.214015,5.240913,9.509134,1.019438,4.897659,9.201086,0.475622,5.800502,8.771011,-1.305482,5.517094,8.813976,-0.484549,5.430848,8.720556,0.557545,4.936087,8.879947,0.850951,4.788852,9.049345,1.448353,6.836445,9.457091,-2.804837,6.537894,9.623601,-2.302981,6.367232,9.823236,-1.771733,6.225891,9.858085,-1.409078,6.500294,9.794959,-1.988446,6.726790,9.649585,-2.210586,5.413010,10.254579,2.570881,5.087294,10.333618,2.988472,4.857218,10.458875,3.123995,4.728439,10.407502,3.684429,5.069356,10.511171,3.299552,5.214612,10.482153,2.765771,7.342440,7.653552,-4.152695,6.497742,8.058008,-3.263836,5.712036,8.369715,-1.737223,5.087523,8.741467,-0.828491,4.270648,9.120351,0.507947,4.217282,9.397348,1.194567,3.959489,9.441993,2.160783,4.107842,8.994145,0.735825,4.229003,8.264944,-0.098376,4.661323,8.083111,-1.788238,5.477402,7.819304,-2.261090,6.600173,7.795198,-2.714218,6.927705,7.958020,-3.414778,5.831899,8.191758,-2.297544,4.930511,8.568918,-1.021914,4.450913,9.085512,-0.120461,4.116653,9.499290,0.878371,4.475152,8.727040,0.283032,5.202492,8.474694,-0.479110,6.136328,8.005334,-1.499012,6.507302,9.678650,-1.902623,5.024812,10.415202,3.136235,-5.713652,5.181538,15.309308,-7.770787,5.041241,18.474493,-10.608723,5.050095,21.224949,-11.686972,5.058790,21.558378,-12.188490,4.808649,21.516985,-9.893818,4.204260,20.665672,-11.179860,4.581153,19.845758,-12.385798,4.215527,20.837643,-13.502776,3.663024,22.075277,-9.087136,4.161855,18.440933,-11.007637,4.737431,17.642160,-12.449869,3.872335,19.810123,-13.534781,3.031869,22.636126,-8.320969,4.536512,16.378567,-10.323785,5.102592,15.588220,-11.462811,4.161651,17.871502,-12.191012,3.133337,20.544691,-7.707240,5.108718,14.304116,-9.423274,5.414203,14.256797,-10.257819,4.818864,15.739957,-10.655636,4.014637,17.660833,0.386826,-33.565601,-4.315527,-7.424529,-38.003929,-0.269866,-8.894128,-40.906796,0.249846,-3.850478,-40.267159,-1.670330,-0.424014,-38.745037,-2.404758,3.520636,-38.172306,-6.370454,10.259634,-36.274036,-7.360976,13.218520,-34.905632,-6.040376,15.896336,-33.353054,-4.594153,10.882577,-34.173206,-8.764116,17.466181,-30.840256,-6.574430,16.694067,-31.302143,-1.383445,15.121210,-32.140858,2.191092,15.348805,-30.574461,-9.002378,19.974270,-28.321846,-4.884773,19.162115,-29.097065,-1.846966,17.549809,-29.755655,0.139856,18.068558,-27.785872,-7.675409,21.525961,-26.459097,-3.758372,21.212755,-26.204002,-0.719136,20.441727,-25.821550,1.628568
3.750440,9.990349,-1.430197,1.995183,4.854591,-1.168348,5.844748,-1.374198,-4.766664,1.106426,-9.825803,-18.813503,-0.540007,-32.884747,-5.523732,-1.328155,9.243460,2.244400,-3.407085,-2.748650,-2.583212,-6.214027,6.072591,12.257027,-5.366935,-0.269023,-8.739022,-3.644325,-2.089133,-5.241333,0.399408,2.794243,-3.871452,0.397308,2.694075,-3.364621,-5.905380,-0.420100,-8.399451,-0.294146,3.013575,-5.529605,-0.320954,2.678898,-4.919003,5.048190,10.112735,-2.154073,3.934810,10.280437,0.730445,6.418542,9.008480,-4.357015,-12.965307,-1.911425,-15.210113,-0.343141,2.623159,-4.941594,-0.366382,2.621171,-4.934349,-0.286951,2.642964,-4.896754,0.422636,2.661108,-3.277310,0.476879,2.704163,-3.158196,0.351106,2.659966,-3.482911,7.219901,9.345508,-5.903874,7.410150,8.842418,-5.498588,7.294916,8.435573,-5.447556,7.422377,7.828901,-6.033539,7.505245,6.747431,-5.965569,7.316348,6.070169,-5.406887,5.970935,5.569645,-5.179957,4.846631,5.639229,-3.748153,4.264251,6.122822,-1.035168,3.282345,6.476455,-0.999275,3.034932,7.620100,0.724307,3.605303,8.832028,4.603378,3.676728,9.986995,5.340570,4.125486,10.462251,5.477597,4.336583,10.771750,5.116220,4.520850,10.559975,4.903010,4.663927,10.516932,4.991329,6.547251,9.435910,-4.926658,6.230133,9.567523,-3.486861,5.593921,9.706796,-2.406701,5.118300,9.794035,-1.449926,4.647673,9.639724,-0.101999,4.918733,9.217754,1.277358,4.736739,9.550131,1.929815,4.741831,9.771812,2.608016,4.497031,10.256275,3.294989,4.232582,10.402174,3.753253,5.758164,9.916903,1.055186,5.717072,9.572458,1.162078,5.455960,9.441807,0.984027,5.122697,9.129956,0.444724,6.043736,8.683250,-1.344619,5.756000,8.719850,-0.514738,5.670498,8.618355,0.537339,5.166521,8.781253,0.820276,5.014481,8.949511,1.419919,7.056710,9.426079,-2.885216,6.757143,9.600969,-2.380777,6.580458,9.800882,-1.845012,6.439789,9.819993,-1.493353,6.715141,9.753460,-2.067891,6.943472,9.607802,-2.288052,5.604540,10.206367,2.501473,5.279187,10.298099,2.925436,5.045261,10.427809,3.074767,4.907099,10.366497,3.647143,5.250731,10.462613,3.251311,5.402963,10.433176,2.701146,7.613917,7.524529,-4.204755,6.759841,7.935801,-3.323905,5.967680,8.251850,-1.788443,5.336726,8.631582,-0.856848,4.500796,9.014417,0.489629,4.446022,9.274755,1.179275,4.177447,9.300288,2.145519,4.342883,8.848441,0.713241,4.474337,8.115833,-0.110964,4.923188,7.935802,-1.819041,5.754054,7.670166,-2.307296,6.878527,7.651212,-2.758447,7.194432,7.831674,-3.452579,6.097098,8.070987,-2.348429,5.180117,8.451677,-1.052891,4.683101,8.968512,-0.149881,4.343469,9.365203,0.854464,4.704291,8.590936,0.263270,5.456610,8.337722,-0.508865,6.405468,7.862108,-1.541874,6.719317,9.646069,-1.976348,5.213690,10.372711,3.075919,-5.745203,5.159101,15.298632,-7.773347,5.037512,18.413599,-10.581374,5.053691,21.109394,-11.671055,5.056928,21.429993,-12.183517,4.799597,21.371832,-9.893064,4.199811,20.610466,-11.198273,4.574870,19.794888,-12.431352,4.203625,20.831736,-13.567060,3.647567,22.096022,-9.102834,4.147013,18.407225,-11.029596,4.715463,17.595926,-12.511745,3.841356,19.812004,-13.627932,2.995444,22.677134,-8.353408,4.508407,16.359531,-10.357894,5.072728,15.544286,-11.531344,4.118493,17.868366,-12.290180,3.078259,20.584740,-7.750672,5.059927,14.291100,-9.468019,5.372548,14.233117,-10.321509,4.772667,15.739534,-10.736448,3.962065,17.692274,0.181421,-33.278465,-4.760838,-7.928170,-37.798725,-0.592374,-9.728931,-40.807903,0.090684,-4.769637,-40.333580,-1.792570,-1.355999,-38.938358,-2.530712,2.873040,-38.031746,-6.582950,9.581947,-36.272923,-7.503811,12.634672,-34.953648,-6.114599,15.400482,-33.418961,-4.603432,10.438764,-34.026520,-9.028845,16.972898,-30.849207,-6.848530,16.402941,-31.355534,-1.673195,15.035657,-32.206272,1.928310,15.075285,-30.408974,-9.278332,19.686237,-28.286104,-5.110011,19.050575,-29.104187,-2.044410,17.606480,-29.771381,-0.027109,17.957111,-27.599916,-7.934086,21.392725,-26.380547,-3.960349,21.177858,-26.166777,-0.921424,20.512901,-25.800871,1.429289
3.984492,9.992375,-1.404485,2.289360,4.724333,-1.053080,6.093109,-1.393669,-4.676990,1.588232,-9.509302,-18.641609,-0.659157,-32.556782,-5.982475,-1.107894,9.175495,2.443681,-3.415850,-2.744158,-2.460484,-6.247880,6.003692,12.245153,-5.231483,-0.355273,-8.386061,-3.533738,-2.167656,-4.908555,0.369981,2.658893,-4.039781,0.361232,2.553402,-3.508679,-5.797952,-0.465775,-8.150770,-0.261468,2.891151,-5.740287,-0.286018,2.540706,-5.091042,5.259133,10.138951,-2.175183,4.122625,10.279602,0.742910,6.617259,9.057912,-4.324048,-12.772965,-1.822298,-14.720845,-0.304985,2.485823,-5.114773,-0.324818,2.486993,-5.108172,-0.255330,2.503950,-5.067504,0.383254,2.521353,-3.419013,0.434440,2.565382,-3.298149,0.318242,2.518588,-3.628711,7.430131,9.353292,-5.906800,7.643173,8.831640,-5.483505,7.557525,8.407693,-5.412786,7.715831,7.783458,-5.992956,7.822411,6.686575,-5.934201,7.650695,5.986800,-5.359243,6.310509,5.467359,-5.130255,5.171367,5.513955,-3.660570,4.554090,5.973905,-0.959403,3.555104,6.331465,-0.926264,3.276403,7.489453,0.780999,3.822857,8.718365,4.629941,3.886859,9.894246,5.337652,4.336531,10.386024,5.460030,4.540953,10.718502,5.097691,4.712519,10.528663,4.890926,4.841680,10.501819,4.977146,6.774893,9.474990,-4.944154,6.456522,9.606392,-3.513739,5.818083,9.745382,-2.438984,5.345136,9.834481,-1.485582,4.874284,9.681702,-0.118317,5.129205,9.255770,1.291000,4.937000,9.583690,1.944189,4.935554,9.803154,2.618142,4.685057,10.280142,3.303442,4.420712,10.416384,3.759630,5.967549,9.892739,1.067994,5.938661,9.542094,1.182898,5.688065,9.407496,1.015665,5.365548,9.095901,0.477253,6.305242,8.634418,-1.312603,6.015127,8.664839,-0.477926,5.932276,8.555054,0.578025,5.420053,8.720693,0.847581,5.263113,8.885513,1.449628,7.285911,9.428065,-2.886837,6.986481,9.611849,-2.380490,6.804042,9.811534,-1.841898,6.664771,9.813553,-1.503413,6.940228,9.744470,-2.071334,7.170172,9.598837,-2.288146,5.813498,10.186004,2.493587,5.489304,10.291298,2.920808,5.251239,10.425160,3.082864,5.104903,10.353554,3.663583,5.450414,10.441843,3.259006,5.608664,10.411950,2.696265,7.907416,7.434319,-4.185998,7.045340,7.854150,-3.313192,6.246907,8.175458,-1.772075,5.609255,8.563244,-0.818622,4.756030,8.948679,0.535629,4.699182,9.191777,1.224324,4.423185,9.194981,2.184885,4.601104,8.739161,0.751658,4.742631,8.003969,-0.062264,5.206717,7.824844,-1.782547,6.052846,7.557644,-2.285154,7.180149,7.543573,-2.732841,7.483632,7.743147,-3.421345,6.386436,7.992994,-2.329129,5.454802,8.377690,-1.016348,4.942084,8.893351,-0.116595,4.595690,9.267467,0.889163,4.954906,8.489367,0.304838,5.731324,8.234998,-0.474420,6.695711,7.753743,-1.518070,6.941610,9.646834,-1.973366,5.421192,10.358491,3.072566,-5.767146,5.126307,15.246524,-7.771920,5.019221,18.306545,-10.552497,5.040868,20.946239,-11.648971,5.039664,21.244942,-12.168727,4.776905,21.164400,-9.883385,4.178679,20.502388,-11.201225,4.555573,19.675278,-12.455307,4.178789,20.744524,-13.605296,3.617096,22.027710,-9.103539,4.118858,18.317629,-11.031097,4.684797,17.476334,-12.550239,3.799158,19.733202,-13.697180,2.943003,22.634619,-8.366992,4.470063,16.282740,-10.368032,5.036683,15.426203,-11.571613,4.064732,17.783360,-12.358746,3.007057,20.539867,-7.772240,5.004169,14.217911,-9.487679,5.325530,14.137813,-10.358285,4.718509,15.661821,-10.788903,3.897975,17.644690,0.051026,-32.978947,-5.244792,-8.319004,-37.583179,-0.981901,-10.434311,-40.698532,-0.155933,-5.569661,-40.384300,-2.001525,-2.178144,-39.110218,-2.744817,2.307862,-37.885719,-6.857343,8.967064,-36.275570,-7.706298,12.091243,-35.022285,-6.248620,14.928821,-33.524475,-4.674107,10.054770,-33.875755,-9.346139,16.521679,-30.865154,-7.181244,16.131701,-31.423590,-2.023437,14.950774,-32.290665,1.607705,14.846376,-30.241039,-9.603999,19.427921,-28.262190,-5.400376,18.959524,-29.132429,-2.317766,17.676262,-29.816250,-0.274303,17.878193,-27.411671,-8.244871,21.283306,-26.308363,-4.229769,21.159416,-26.140284,-1.198160,20.593479,-25.795374,1.153272
4.233353,10.026579,-1.321786,2.626256,4.610827,-0.872060,6.369251,-1.377550,-4.515074,2.117065,-9.208683,-18.454758,-0.692875,-32.226353,-6.474798,-0.841767,9.117640,2.705114,-3.402793,-2.698599,-2.289021,-6.274547,5.927911,12.209491,-5.052875,-0.419925,-7.956738,-3.388947,-2.216963,-4.519844,0.345096,2.504513,-4.266803,0.329828,2.395679,-3.712168,-5.644208,-0.488876,-7.820146,-0.218896,2.754661,-6.008684,-0.241368,2.389842,-5.319643,5.478971,10.193742,-2.137439,4.325931,10.299831,0.810357,6.818884,9.136182,-4.211806,-12.554286,-1.726287,-14.172630,-0.256946,2.336063,-5.344384,-0.273162,2.341027,-5.338205,-0.214211,2.352050,-5.294949,0.348261,2.364365,-3.620280,0.396136,2.409176,-3.497739,0.290263,2.360319,-3.833853,7.643339,9.385566,-5.833748,7.882177,8.850133,-5.387412,7.829971,8.412568,-5.293376,8.023197,7.774220,-5.865727,8.156472,6.665565,-5.812942,8.006701,5.945865,-5.222711,6.679406,5.409845,-4.997110,5.528437,5.432966,-3.495626,4.880275,5.866004,-0.818448,3.865520,6.226135,-0.791830,3.555365,7.391973,0.893810,4.076303,8.633918,4.699884,4.129782,9.827579,5.373908,4.577065,10.333808,5.479769,4.771865,10.686729,5.117264,4.928869,10.517471,4.918312,5.040538,10.505449,5.003307,7.006356,9.539938,-4.890920,6.687562,9.669252,-3.472109,6.047635,9.807236,-2.404374,5.578487,9.896445,-1.457343,5.109563,9.746133,-0.073457,5.352733,9.315568,1.355204,5.151435,9.637693,2.007095,5.144835,9.853912,2.672585,4.889390,10.322419,3.353850,4.626093,10.448450,3.807786,6.190021,9.889538,1.143912,6.175941,9.535485,1.266520,5.939390,9.401035,1.105214,5.629083,9.094234,0.563788,6.587542,8.621135,-1.216505,6.297484,8.645656,-0.381073,6.219377,8.527073,0.672617,5.699838,8.694331,0.925921,5.538284,8.853287,1.529959,7.523165,9.457625,-2.816918,7.225323,9.650638,-2.310158,7.037828,9.849483,-1.770947,6.901221,9.833057,-1.448205,7.175360,9.762472,-2.007087,7.406217,9.617273,-2.218626,6.040998,10.187694,2.538531,5.718701,10.307055,2.965816,5.476698,10.444755,3.139077,5.323575,10.362492,3.724926,5.670051,10.442781,3.313808,5.833111,10.412661,2.742366,8.226891,7.381640,-4.104028,7.357548,7.810807,-3.240479,6.553169,8.137683,-1.696466,5.908768,8.533663,-0.721641,5.039906,8.919998,0.638160,4.980858,9.146010,1.322957,4.700883,9.124382,2.274525,4.887177,8.664635,0.845753,5.038480,7.928023,0.041447,5.516757,7.749077,-1.685427,6.378518,7.480976,-2.202550,7.509282,7.471591,-2.645061,7.799803,7.690933,-3.329054,6.704150,7.956016,-2.248665,5.758836,8.345166,-0.920504,5.231663,8.858107,-0.027032,4.877272,9.204304,0.977269,5.231172,8.420292,0.401141,6.030930,8.164280,-0.383557,7.011458,7.678291,-1.435553,7.173729,9.675394,-1.901770,5.648450,10.366383,3.117403,-5.784369,5.081976,15.154810,-7.773106,4.985181,18.155411,-10.529212,5.011284,20.737591,-11.627284,5.006789,21.005001,-12.149745,4.740790,20.896769,-9.871971,4.138858,20.345932,-11.196030,4.521685,19.490612,-12.465158,4.139847,20.579454,-13.625061,3.570789,21.873470,-9.095386,4.075143,18.176847,-11.018564,4.643668,17.287434,-12.572888,3.743691,19.578663,-13.751040,2.872266,22.514534,-8.367121,4.419357,16.152460,-10.359682,4.992532,15.238142,-11.590169,3.997401,17.621399,-12.404377,2.915835,20.415989,-7.776591,4.939549,14.088183,-9.487024,5.271315,13.974464,-10.373971,4.653890,15.510862,-10.819852,3.819106,17.523226,0.009835,-32.678242,-5.759038,-8.586102,-37.371426,-1.424268,-11.000223,-40.593014,-0.471299,-6.239754,-40.431286,-2.276812,-2.880582,-39.271709,-3.024436,1.835226,-37.740170,-7.179428,8.421464,-36.285114,-7.946340,11.595826,-35.113392,-6.419425,14.491036,-33.669323,-4.784409,9.743271,-33.723804,-9.702533,16.122152,-30.888226,-7.547395,15.888807,-31.506062,-2.405220,14.874719,-32.393204,1.258587,14.676768,-30.071577,-9.965600,19.211601,-28.250862,-5.731228,18.902531,-29.185152,-2.641766,17.774469,-29.895149,-0.578707,17.848524,-27.221128,-8.593746,21.213560,-26.242287,-4.543907,21.173906,-26.125242,-1.524384,20.701139,-25.806087,0.825623
4.505875,10.089573,-1.188699,3.021877,4.510389,-0.602665,6.680141,-1.319820,-4.253823,2.714838,-8.931070,-18.260250,-0.607505,-31.904284,-6.999800,-0.509574,9.063515,3.045981,-3.353428,-2.604525,-2.056089,-6.296654,5.840952,12.152604,-4.808315,-0.454359,-7.403569,-3.192831,-2.223245,-4.043133,0.328891,2.326154,-4.587729,0.307142,2.216367,-4.010072,-5.418723,-0.480692,-7.354854,-0.161545,2.602027,-6.371189,-0.182310,2.224808,-5.640983,5.712197,10.271778,-2.045727,4.552591,10.334123,0.922216,7.023784,9.241667,-4.010912,-12.302686,-1.620225,-13.544216,-0.194364,2.172489,-5.666656,-0.206731,2.181966,-5.660729,-0.158920,2.185555,-5.615206,0.321677,2.185530,-3.916062,0.365934,2.230781,-3.791911,0.271275,2.180794,-4.133332,7.859193,9.438926,-5.683097,8.127683,8.896743,-5.205694,8.114014,8.451521,-5.082989,8.347637,7.804618,-5.645531,8.511932,6.689908,-5.595504,8.390880,5.954336,-4.991673,7.088218,5.403484,-4.776733,5.930626,5.401360,-3.249583,5.257901,5.801095,-0.606659,4.229918,6.161704,-0.591899,3.889052,7.325208,1.067824,4.382293,8.574967,4.816079,4.421021,9.782514,5.450710,4.861439,10.300874,5.535111,5.042190,10.671319,5.169854,5.181005,10.521244,4.977177,5.269214,10.522099,5.060709,7.243432,9.624710,-4.771574,6.925275,9.749353,-3.367068,6.285152,9.885056,-2.309512,5.821699,9.971679,-1.373028,5.357680,9.824901,0.023943,5.594750,9.389051,1.459143,5.385452,9.703829,2.106707,5.375523,9.915462,2.758885,5.116372,10.374629,3.433572,4.855586,10.490533,3.886028,6.432245,9.900425,1.273591,6.436430,9.546144,1.404956,6.218669,9.417061,1.245343,5.923486,9.120948,0.695916,6.900566,8.641566,-1.059721,6.613941,8.660366,-0.228078,6.543302,8.532090,0.816694,6.017381,8.699152,1.050655,5.852026,8.849317,1.655374,7.771437,9.509305,-2.678295,7.477179,9.711715,-2.173967,7.286011,9.908915,-1.637722,7.154313,9.872354,-1.334358,7.424708,9.801826,-1.880256,7.655105,9.657670,-2.083422,6.293937,10.204624,2.628304,5.974150,10.338115,3.051983,5.729249,10.479371,3.233899,5.571146,10.386104,3.822016,5.917468,10.458196,3.406793,6.083584,10.428452,2.831336,8.585265,7.367499,-3.962315,7.708158,7.805278,-3.111615,6.898452,8.137232,-1.567367,6.247441,8.541663,-0.570910,5.364522,8.926336,0.792065,5.304224,9.136559,1.471648,5.024281,9.088192,2.413889,5.215230,8.624490,0.994017,5.375829,7.888352,0.197132,5.867544,7.709195,-1.530475,6.745288,7.441617,-2.064018,7.879390,7.436725,-2.498769,8.156615,7.675495,-3.180079,7.063447,7.960361,-2.113584,6.105436,8.354414,-0.771028,5.564602,8.862821,0.115468,5.201404,9.175344,1.117485,5.546100,8.382859,0.549146,6.368682,8.124521,-0.241029,7.366245,7.635176,-1.299024,7.419460,9.726119,-1.766419,5.902617,10.389217,3.201634,-5.802558,5.019780,15.022387,-7.786023,4.928786,17.958012,-10.521135,4.959826,20.479719,-11.613892,4.953511,20.704159,-12.132437,4.687293,20.562586,-9.868053,4.072775,20.141228,-11.190952,4.467124,19.236269,-12.469289,4.080936,20.330042,-13.634785,3.502506,21.625437,-9.085148,4.008343,17.985010,-10.998123,4.586209,17.024218,-12.588244,3.667730,19.344320,-13.800605,2.774517,22.314640,-8.359041,4.349165,15.967983,-10.337407,4.934408,14.975492,-11.593563,3.907807,17.378380,-12.436140,2.793099,20.211220,-7.767665,4.859576,13.899742,-9.469733,5.204092,13.738132,-10.374408,4.571228,15.282060,-10.837248,3.715748,17.325529,0.090028,-32.386219,-6.302102,-8.693871,-37.178398,-1.913704,-11.389851,-40.506516,-0.844541,-6.746180,-40.485382,-2.603276,-3.435201,-39.432243,-3.350212,1.480533,-37.597195,-7.536858,7.959977,-36.300163,-8.197791,11.161960,-35.225803,-6.599463,14.102093,-33.851578,-4.909297,9.527340,-33.568340,-10.084696,15.788844,-30.912407,-7.917346,15.684896,-31.595850,-2.783413,14.816135,-32.505444,0.917626,14.588563,-29.895790,-10.348942,19.053717,-28.247740,-6.075028,18.898514,-29.262005,-2.989097,17.922981,-30.010338,-0.916148,17.890753,-27.022293,-8.967227,21.204021,-26.176073,-4.878738,21.243269,-26.116531,-1.873317,20.859922,-25.828257,0.473900
4.798689,10.194181,-1.014864,3.463297,4.429064,-0.261408,7.020771,-1.229289,-3.910075,3.385604,-8.715297,-18.100176,-0.380150,-31.626446,-7.575396,-0.128422,9.023944,3.451272,-3.287371,-2.478307,-1.782156,-6.319971,5.740559,12.089482,-4.508159,-0.460359,-6.750984,-2.953110,-2.190364,-3.498626,0.322405,2.129350,-4.992970,0.294297,2.020872,-4.392616,-5.132401,-0.443403,-6.777880,-0.090591,2.438459,-6.816140,-0.110087,2.050865,-6.043577,5.958330,10.383049,-1.912715,4.802787,10.395462,1.071340,7.231095,9.378755,-3.735873,-12.033256,-1.510838,-12.864540,-0.118587,2.000327,-6.069985,-0.127023,2.015026,-6.064065,-0.090568,2.009804,-6.016887,0.304722,1.990191,-4.296709,0.345181,2.035562,-4.171130,0.262317,1.985479,-4.517263,8.078828,9.519631,-5.474637,8.379746,8.977505,-4.956661,8.408471,8.530565,-4.798726,8.686569,7.880530,-5.348701,8.884851,6.765182,-5.297709,8.797178,6.018488,-4.679799,7.529004,5.455691,-4.482605,6.367795,5.428205,-2.934331,5.676180,5.790743,-0.334747,4.638872,6.151150,-0.336855,4.270514,7.303473,1.296278,4.737260,8.557177,4.973925,4.759069,9.774627,5.564420,5.189981,10.301884,5.623559,5.353380,10.686399,5.252573,5.471766,10.553713,5.062532,5.531127,10.564808,5.142610,7.487404,9.738121,-4.603836,7.171031,9.856028,-3.215751,6.531836,9.988829,-2.170707,6.075966,10.070841,-1.248689,5.619678,9.929121,0.158857,5.856620,9.488269,1.590238,5.641129,9.794495,2.230690,5.630205,10.000419,2.865499,5.368924,10.449492,3.531496,5.112252,10.555867,3.983757,6.695327,9.938077,1.442918,6.720476,9.586960,1.585387,6.525613,9.468993,1.424724,6.247348,9.189779,0.862512,7.241271,8.708163,-0.851206,6.962069,8.722402,-0.028098,6.901869,8.584032,1.002071,6.370588,8.748896,1.213746,6.202890,8.887654,1.817931,8.030910,9.592413,-2.486639,7.742321,9.804601,-1.987778,7.549005,9.999815,-1.457989,7.424408,9.942033,-1.176470,7.688719,9.873012,-1.706259,7.917103,9.730106,-1.898317,6.573326,10.249178,2.752868,6.256904,10.396718,3.169666,6.010355,10.541488,3.357739,5.849419,10.437297,3.945829,6.194344,10.500926,3.528675,6.361300,10.472044,2.953887,8.977089,7.403154,-3.771271,8.091643,7.848956,-2.937833,7.277959,8.186383,-1.395154,6.620463,8.599608,-0.376388,5.725535,8.980413,0.987797,5.665320,9.176400,1.662281,5.389914,9.099892,2.596123,5.579782,8.631770,1.188169,5.747795,7.897691,0.395281,6.251579,7.717080,-1.328285,7.145488,7.451238,-1.881385,8.283758,7.450287,-2.305847,8.548651,7.708659,-2.984719,7.458537,8.017374,-1.935579,6.488944,8.417150,-0.578642,5.935383,8.919638,0.301859,5.564122,9.193453,1.302035,5.894460,8.390177,0.739001,6.739140,8.128452,-0.057582,7.754590,7.637025,-1.119513,7.679306,9.808907,-1.582965,6.185119,10.439489,3.315878,-5.825743,4.939638,14.862757,-7.810892,4.853736,17.723902,-10.524803,4.893666,20.180292,-11.604386,4.887713,20.353676,-12.112059,4.624701,20.176483,-9.876674,3.985837,19.903845,-11.191456,4.396899,18.933104,-12.472817,4.007623,20.020481,-13.639081,3.418701,21.309395,-9.080509,3.921008,17.762388,-10.976375,4.514277,16.711639,-12.602400,3.573583,19.057055,-13.851943,2.652737,22.062819,-8.351516,4.259583,15.752856,-10.308413,4.861785,14.666436,-11.589036,3.795923,17.084082,-12.462002,2.639483,19.956158,-7.754286,4.761863,13.679224,-9.443282,5.121511,13.458498,-10.367324,4.468288,15.006053,-10.849862,3.585942,17.082983,0.312100,-32.138077,-6.894320,-8.627622,-37.037865,-2.461280,-11.594326,-40.468262,-1.277298,-7.085205,-40.574116,-2.976690,-3.845710,-39.621033,-3.712530,1.263070,-37.481411,-7.931235,7.598223,-36.337967,-8.446822,10.799148,-35.372742,-6.766443,13.765784,-34.080639,-5.021921,9.429894,-33.432728,-10.494514,15.537737,-30.955030,-8.274200,15.528972,-31.709425,-3.133681,14.778327,-32.643002,0.611859,14.605969,-29.736582,-10.755968,18.972616,-28.270519,-6.418164,18.964106,-29.381392,-3.341682,18.138641,-30.181477,-1.267723,18.028978,-26.838329,-9.367457,21.275675,-26.128872,-5.226508,21.388700,-26.132942,-2.234381,21.092726,-25.881212,0.109873
5.071626,10.360454,-0.835370,3.870821,4.379408,0.040389,7.351420,-1.151067,-3.600928,4.066878,-8.633322,-18.054588,-0.067118,-31.469622,-8.209099,0.206170,9.027515,3.817203,-3.280428,-2.376322,-1.555005,-6.353051,5.657923,12.050604,-4.234658,-0.463384,-6.186018,-2.731720,-2.161361,-3.026190,0.318263,1.946280,-5.363695,0.284692,1.840294,-4.743528,-4.874415,-0.404786,-6.284001,-0.023239,2.287612,-7.215227,-0.041625,1.890867,-6.401652,6.193076,10.547100,-1.780155,5.045703,10.515565,1.236931,7.425236,9.547080,-3.464202,-11.804702,-1.422239,-12.272576,-0.046871,1.842042,-6.428195,-0.051751,1.862157,-6.421812,-0.025618,1.848171,-6.374768,0.291338,1.809679,-4.646411,0.328285,1.855097,-4.519908,0.256278,1.805096,-4.869044,8.291783,9.637597,-5.279084,8.621971,9.096169,-4.716734,8.689726,8.647988,-4.520238,9.007710,7.995347,-5.055413,9.235954,6.879369,-5.003096,9.175420,6.123679,-4.366278,7.936811,5.554120,-4.187359,6.764717,5.506798,-2.617610,6.053462,5.841867,-0.065517,5.011254,6.204520,-0.083582,4.622677,7.350589,1.530183,5.072892,8.610392,5.138403,5.083484,9.835696,5.686690,5.509117,10.367349,5.727907,5.658840,10.762351,5.354596,5.761730,10.643711,5.166969,5.795316,10.662436,5.240284,7.723534,9.900078,-4.443809,7.409270,10.012390,-3.070893,6.770460,10.143999,-2.034073,6.321918,10.223542,-1.125316,5.873389,10.088525,0.295813,6.113711,9.643693,1.725474,5.895090,9.941659,2.360292,5.885057,10.141606,2.978842,5.622765,10.580014,3.636455,5.370381,10.677261,4.088972,6.953000,10.037313,1.614493,6.996716,9.690865,1.771433,6.823183,9.586354,1.611036,6.557393,9.326155,1.036219,7.563004,8.839120,-0.628358,7.293729,8.852059,0.184152,7.245011,8.705173,1.199361,6.708959,8.866636,1.387945,6.540881,8.994212,1.991416,8.281028,9.727580,-2.297282,7.998497,9.950150,-1.803295,7.803565,10.144292,-1.279110,7.685695,10.067155,-1.016025,7.944111,9.999266,-1.532920,8.170011,9.856694,-1.715181,6.848770,10.352539,2.889436,6.537082,10.513685,3.299315,6.288835,10.662184,3.493847,6.126533,10.547740,4.080682,6.469434,10.603530,3.661960,6.635516,10.574972,3.088613,9.340965,7.498496,-3.574650,8.450227,7.955306,-2.758048,7.635007,8.302127,-1.214370,6.970801,8.723929,-0.173309,6.066668,9.101848,1.192033,6.005220,9.283241,1.860947,5.737086,9.177486,2.784583,5.915132,8.703234,1.388737,6.086068,7.969202,0.597147,6.599193,7.783273,-1.123044,7.509197,7.518401,-1.697973,8.656075,7.521126,-2.113242,8.913239,7.802394,-2.784567,7.827633,8.137950,-1.751865,6.847787,8.544764,-0.379341,6.282897,9.041782,0.497050,5.904759,9.275711,1.492760,6.214366,8.459702,0.930027,7.079596,8.192850,0.127179,8.112939,7.699116,-0.938243,7.931140,9.945533,-1.400039,6.465379,10.548789,3.442738,-5.851575,4.882424,14.716521,-7.827370,4.809672,17.491840,-10.511136,4.864644,19.881987,-11.574025,4.861134,20.013206,-12.069905,4.602410,19.809504,-9.889974,3.931771,19.682985,-11.196369,4.358672,18.659567,-12.474478,3.968526,19.744148,-13.635851,3.371585,21.028151,-9.087814,3.860416,17.567759,-10.962415,4.467854,16.438623,-12.615849,3.506745,18.808338,-13.896915,2.559856,21.847332,-8.358360,4.191480,15.574849,-10.288017,4.809196,14.404719,-11.586379,3.705902,16.834862,-12.485643,2.509762,19.742363,-7.754879,4.680553,13.505067,-9.425752,5.054688,13.231773,-10.365031,4.381930,14.780597,-10.865700,3.474195,16.887396,0.613315,-32.010147,-7.547878,-8.489204,-37.008232,-3.058137,-11.734361,-40.525993,-1.745980,-7.367575,-40.752296,-3.373666,-4.209865,-39.898418,-4.087071,1.133534,-37.465824,-8.360339,7.320072,-36.460026,-8.696547,10.489760,-35.599358,-6.911471,13.454437,-34.388119,-5.099711,9.430217,-33.397751,-10.940021,15.366417,-31.089272,-8.621609,15.413481,-31.918135,-3.455987,14.745813,-32.876465,0.340514,14.722668,-29.678370,-11.199394,18.971392,-28.387747,-6.766291,19.086830,-29.601355,-3.689635,18.396721,-30.461309,-1.612187,18.261158,-26.755980,-9.804926,21.429173,-26.178106,-5.595188,21.602833,-26.248617,-2.612042,21.386255,-26.038937,-0.269104
5.300161,10.583714,-0.668039,4.206567,4.362931,0.253198,7.649747,-1.105194,-3.374534,4.733539,-8.708930,-18.142126,0.308709,-31.470774,-8.889928,0.452198,9.080327,4.090662,-3.359917,-2.319151,-1.406682,-6.403891,5.621339,12.044789,-4.022803,-0.472862,-5.791428,-2.555413,-2.152799,-2.689665,0.313654,1.796119,-5.644595,0.276110,1.693586,-5.009594,-4.682533,-0.376291,-5.959538,0.031233,2.164398,-7.509593,0.013824,1.759624,-6.658194,6.398440,10.760749,-1.666019,5.259971,10.696465,1.408515,7.591868,9.738583,-3.228549,-11.645570,-1.363793,-11.837299,0.011280,1.712169,-6.684103,0.009257,1.737567,-6.676660,0.026973,1.715654,-6.631991,0.279657,1.662992,-4.912135,0.313751,1.708567,-4.785344,0.250604,1.658470,-5.135284,8.484381,9.788035,-5.121049,8.837392,9.245656,-4.514209,8.936901,8.795288,-4.278284,9.285857,8.139200,-4.797992,9.536928,7.020731,-4.747931,9.492250,6.256773,-4.087480,8.271557,5.686378,-3.925120,7.076626,5.626794,-2.331979,6.341599,5.950316,0.171455,5.299384,6.317823,0.142411,4.899800,7.469209,1.748336,5.346674,8.739789,5.295501,5.355258,9.971498,5.806635,5.782916,10.502157,5.842626,5.926147,10.903468,5.473409,6.021777,10.794133,5.290451,6.037269,10.817736,5.353838,7.937158,10.108093,-4.312383,7.624532,10.217210,-2.951864,6.984950,10.349957,-1.916036,6.542505,10.431319,-1.016990,6.100335,10.304386,0.423130,6.345974,9.856827,1.859812,6.127542,10.147285,2.492722,6.119956,10.341466,3.098556,5.857420,10.768982,3.749115,5.608664,10.857712,4.201931,7.184256,10.202970,1.773604,7.241167,9.861324,1.948592,7.084394,9.770480,1.791680,6.823587,9.528757,1.207031,7.834703,9.031240,-0.407704,7.576488,9.046994,0.393901,7.539006,8.894045,1.396081,6.998276,9.051366,1.562920,6.831987,9.169300,2.165519,8.503745,9.912842,-2.131202,8.226869,10.146496,-1.639835,8.030346,10.340909,-1.118353,7.917390,10.247479,-0.868027,8.171270,10.179425,-1.378117,8.394716,10.035905,-1.553613,7.096560,10.517935,3.031965,6.791566,10.691959,3.436607,6.540980,10.844411,3.639638,6.377974,10.720418,4.224154,6.718239,10.769477,3.803571,6.882293,10.740387,3.229892,9.639118,7.648118,-3.394720,8.747673,8.119644,-2.591466,7.933625,8.480992,-1.041137,7.262251,8.910774,0.022214,6.351432,9.289032,1.389911,6.285676,9.455259,2.051843,6.025896,9.320574,2.962975,6.179492,8.837466,1.576897,6.348186,8.099298,0.784038,6.867921,7.902413,-0.937066,7.794241,7.636589,-1.536202,8.955900,7.643490,-1.945174,9.211968,7.951918,-2.600923,8.132961,8.316250,-1.580797,7.143874,8.731822,-0.189792,6.568359,9.225286,0.685167,6.183436,9.421048,1.672105,6.465702,8.589402,1.102332,7.350079,8.314568,0.293147,8.401680,7.817413,-0.776221,8.155910,10.134359,-1.235534,6.719544,10.720299,3.579278,-5.883504,4.881277,14.594632,-7.830376,4.832950,17.273790,-10.472204,4.908914,19.602839,-11.518530,4.909320,19.710907,-12.006207,4.654678,19.496490,-9.908458,3.947196,19.497131,-11.210466,4.384637,18.449953,-12.478902,3.996040,19.543058,-13.629129,3.395302,20.828653,-9.115024,3.860108,17.423166,-10.966434,4.475209,16.244719,-12.633594,3.498244,18.638903,-13.935091,2.530948,21.707066,-8.391777,4.175589,15.459944,-10.289609,4.802565,14.230957,-11.595122,3.668365,16.672564,-12.512212,2.440134,19.608572,-7.784614,4.643435,13.408480,-9.432084,5.028573,13.099459,-10.378408,4.340012,14.647783,-10.892348,3.412577,16.777229,0.964542,-32.039310,-8.252546,-8.332841,-37.119766,-3.680585,-11.876910,-40.706673,-2.218270,-7.651773,-41.050976,-3.763413,-4.574246,-40.297440,-4.443183,1.059406,-37.588345,-8.811593,7.110693,-36.702332,-8.940916,10.220596,-35.936043,-7.024357,13.151488,-34.799519,-5.126741,9.516115,-33.504913,-11.417590,15.272151,-31.357870,-8.955511,15.334646,-32.267246,-3.745758,14.712516,-33.252861,0.106872,14.938579,-29.763588,-11.679479,19.054770,-28.639839,-7.116339,19.264563,-29.961170,-4.023089,18.689825,-30.888807,-1.935228,18.594034,-26.818081,-10.278809,21.671354,-26.367296,-5.981622,21.887537,-26.509260,-3.002160,21.738949,-26.349445,-0.659760
5.482772,10.847643,-0.495034,4.484033,4.378789,0.406414,7.919143,-1.075195,-3.197452,5.414421,-8.909587,-18.327503,0.771536,-31.606218,-9.616078,0.629814,9.172010,4.295150,-3.505600,-2.284240,-1.305668,-6.475426,5.638419,12.058253,-3.854204,-0.479831,-5.528034,-2.410594,-2.151047,-2.459886,0.310978,1.674700,-5.863543,0.270860,1.576823,-5.218738,-4.536284,-0.349824,-5.763657,0.075958,2.066358,-7.731186,0.059217,1.654712,-6.844606,6.570165,11.009992,-1.547392,5.441909,10.920647,1.603595,7.725247,9.948987,-2.997035,-11.541219,-1.329312,-11.533397,0.058830,1.608440,-6.869299,0.059006,1.639144,-6.860365,0.070133,1.609797,-6.819801,0.271950,1.546126,-5.121644,0.303766,1.591793,-4.995027,0.247651,1.541795,-5.344125,8.648851,9.961651,-4.964905,9.018786,9.419051,-4.313690,9.143657,8.968094,-4.038465,9.516039,8.309855,-4.543859,9.784217,7.188624,-4.502449,9.746045,6.417225,-3.817347,8.533910,5.851027,-3.672819,7.305931,5.784310,-2.055778,6.543592,6.109189,0.396537,5.506134,6.482226,0.360870,5.103628,7.648090,1.969564,5.558249,8.933400,5.462780,5.572503,10.169388,5.940834,6.008459,10.693655,5.982423,6.151575,11.096469,5.622851,6.247050,10.991109,5.447383,6.251478,11.016492,5.499051,8.122178,10.348695,-4.179179,7.810451,10.456024,-2.829146,7.169329,10.591116,-1.788557,6.732071,10.677926,-0.896824,6.295399,10.560662,0.566325,6.548024,10.111463,2.017774,6.332626,10.394400,2.651836,6.328916,10.582757,3.247383,6.066772,10.999219,3.891296,5.821105,11.080288,4.343765,7.383019,10.418450,1.943798,7.448161,10.081838,2.139127,7.304014,10.004888,1.987817,7.041551,9.781147,1.395024,8.053335,9.271373,-0.169273,7.806905,9.293472,0.620785,7.780508,9.136549,1.610789,7.234961,9.289028,1.758101,7.072381,9.398108,2.358937,8.692945,10.134516,-1.959215,8.421718,10.380136,-1.468679,8.223609,10.575957,-0.947763,8.113727,10.468145,-0.706720,8.364016,10.398904,-1.214597,8.585012,10.253486,-1.385445,7.311141,10.730076,3.202301,7.015322,10.916387,3.603144,6.761937,11.072778,3.816662,6.598402,10.939452,4.396955,6.934894,10.982795,3.974908,7.095956,10.952563,3.399156,9.871503,7.842213,-3.213298,8.982844,8.330000,-2.420050,8.172112,8.709770,-0.857239,7.493084,9.146964,0.228838,6.577267,9.528978,1.600262,6.504397,9.680776,2.253213,6.253820,9.518738,3.149930,6.371283,9.023515,1.770281,6.533409,8.276978,0.972910,7.057771,8.063368,-0.753487,8.001258,7.794864,-1.379651,9.183515,7.807342,-1.783661,9.444842,8.146550,-2.416137,8.374147,8.540588,-1.405082,7.376211,8.966562,0.008097,6.790052,9.458993,0.884615,6.397629,9.618877,1.858742,6.645775,8.767333,1.273969,7.548768,8.481237,0.457431,8.620000,7.979512,-0.616269,8.347465,10.361568,-1.061661,6.942220,10.938396,3.746925,-5.927096,4.942503,14.478106,-7.828523,4.927649,17.052671,-10.418685,5.028689,19.327934,-11.449320,5.033686,19.429823,-11.932700,4.782915,19.219282,-9.935677,4.033225,19.326044,-11.236081,4.475551,18.277773,-12.488357,4.089962,19.388033,-13.621371,3.488491,20.680166,-9.163393,3.922386,17.304661,-10.988991,4.538373,16.100658,-12.656786,3.548773,18.518721,-13.968047,2.565527,21.612026,-8.452178,4.215577,15.381464,-10.312998,4.845153,14.113787,-11.614767,3.684512,16.565147,-12.540943,2.429905,19.522930,-7.843741,4.655541,13.360260,-9.461959,5.047429,13.029772,-10.406745,4.345875,14.575185,-10.928502,3.403414,16.720356,1.386324,-32.201290,-9.003542,-8.146491,-37.357803,-4.319992,-12.018437,-41.002914,-2.682632,-7.931177,-41.465462,-4.136079,-4.928018,-40.813286,-4.772447,1.040683,-37.831051,-9.287168,6.967874,-37.057171,-9.182351,9.994616,-36.383873,-7.108080,12.865437,-35.322750,-5.106347,9.697189,-33.731266,-11.933547,15.263976,-31.749172,-9.281442,15.307935,-32.752552,-4.007824,14.699743,-33.772549,-0.091503,15.271638,-29.964998,-12.202703,19.242525,-29.013134,-7.471519,19.525040,-30.455893,-4.348174,19.051659,-31.463593,-2.246013,19.054482,-26.994217,-10.793565,22.030258,-26.676722,-6.386250,22.273746,-26.901373,-3.406117,22.184162,-26.802368,-1.065347
5.610957,11.123642,-0.293534,4.708693,4.423796,0.534995,8.153316,-1.040771,-3.034381,6.125119,-9.180022,-18.556986,1.338637,-31.823946,-10.369718,0.756212,9.282492,4.462901,-3.685425,-2.240474,-1.202653,-6.564577,5.718946,12.073543,-3.714005,-0.477391,-5.348629,-2.287483,-2.143841,-2.298572,0.311964,1.572029,-6.061989,0.270216,1.479728,-5.411733,-4.417481,-0.320029,-5.646477,0.116048,1.985310,-7.928535,0.099673,1.567969,-7.009262,6.697717,11.269697,-1.394108,5.580255,11.158960,1.843508,7.814664,10.165353,-2.734082,-11.466631,-1.311810,-11.329089,0.101037,1.522733,-7.032438,0.102923,1.559036,-7.021754,0.108791,1.522194,-6.986192,0.269299,1.448769,-5.315275,0.299284,1.494445,-5.188998,0.248851,1.444872,-5.536636,8.771314,10.141055,-4.767655,9.152575,9.601724,-4.073881,9.296808,9.154859,-3.761675,9.686386,8.498070,-4.256420,9.967235,7.375239,-4.232523,9.928641,6.597086,-3.526752,8.718401,6.038390,-3.405001,7.450696,5.966405,-1.766111,6.658985,6.301174,0.631587,5.630023,6.678561,0.591964,5.230290,7.863573,2.211764,5.700646,9.167056,5.658713,5.725770,10.404465,6.108547,6.174511,10.917799,6.163883,6.322611,11.317145,5.817999,6.423545,11.210040,5.652658,6.423299,11.233788,5.692540,8.266010,10.598485,-4.005342,7.954418,10.704526,-2.665184,7.311454,10.841735,-1.616412,6.878568,10.936491,-0.730916,6.446950,10.830682,0.756617,6.707109,10.380546,2.229387,6.496593,10.655126,2.866771,6.497722,10.837310,3.453310,6.236227,11.242734,4.089919,5.993222,11.317199,4.539507,7.535178,10.655699,2.154243,7.604151,10.324623,2.369173,7.468704,10.261339,2.223940,7.199367,10.054684,1.623140,8.208619,9.535003,0.109408,7.973731,9.565736,0.886608,7.958206,9.406587,1.864058,7.407782,9.553597,1.995891,7.250308,9.654090,2.593033,8.835803,10.368958,-1.746084,8.570721,10.627562,-1.254947,8.370710,10.825522,-0.733312,8.261724,10.703962,-0.500855,8.509045,10.632752,-1.009390,8.727861,10.484843,-1.176672,7.478659,10.963024,3.425957,7.194870,11.161122,3.824365,6.938432,11.321067,4.049867,6.773784,11.178164,4.622943,7.104695,11.216477,4.200728,7.262283,11.184833,3.621771,10.031001,8.061156,-3.005677,9.146963,8.563207,-2.219930,8.341084,8.963078,-0.640041,7.654127,9.406942,0.468709,6.734226,9.795588,1.845355,6.652541,9.935570,2.487198,6.411850,9.749700,3.367300,6.484249,9.238839,1.989631,6.636630,8.480341,1.183804,7.164194,8.245151,-0.551579,8.125529,7.972942,-1.206007,9.332949,7.993347,-1.603717,9.604696,8.365501,-2.205998,8.542955,8.787054,-1.202512,7.536181,9.224412,0.235945,6.939411,9.718768,1.116964,6.539243,9.846765,2.075335,6.747147,8.970941,1.468272,7.668462,8.670857,0.642941,8.760906,8.163887,-0.435277,8.492718,10.603273,-0.845097,7.119425,11.176674,3.970582,-5.984753,5.072636,14.348245,-7.829167,5.094734,16.815184,-10.360775,5.220653,19.046619,-11.377345,5.229218,19.154486,-11.859975,4.981752,18.959743,-9.967371,4.187601,19.145973,-11.266784,4.629105,18.107168,-12.497167,4.246284,19.237768,-13.608029,3.645137,20.538363,-9.224728,4.048552,17.180710,-11.021800,4.658766,15.965276,-12.678675,3.658039,18.404160,-13.989627,2.661502,21.517555,-8.530278,4.315915,15.302576,-10.349715,4.941137,14.009145,-11.637400,3.756225,16.467098,-12.563955,2.478585,19.439396,-7.923506,4.724489,13.318969,-9.507358,5.117723,12.976742,-10.442335,4.404724,14.516061,-10.966105,3.450502,16.670362,1.894677,-32.441475,-9.781037,-7.913774,-37.679581,-4.956880,-12.144326,-41.380436,-3.122094,-8.187380,-41.962132,-4.479289,-5.251146,-41.409874,-5.067039,1.078508,-38.146687,-9.778126,6.891000,-37.486824,-9.419222,9.820599,-36.913216,-7.165715,12.614599,-35.934383,-5.043956,9.976268,-34.023331,-12.480957,15.351294,-32.217167,-9.602297,15.356313,-33.332352,-4.246160,14.741090,-34.397930,-0.255251,15.728005,-30.224331,-12.761786,19.550552,-29.459600,-7.830161,19.898079,-31.042345,-4.669424,19.520967,-32.144001,-2.553036,19.655291,-27.222664,-11.340313,22.526939,-27.051914,-6.802834,22.789831,-27.373144,-3.819383,22.754589,-27.346060,-1.482192
5.651400,11.348237,-0.050422,4.853594,4.483244,0.659735,8.315234,-0.988458,-2.868367,6.834306,-9.431073,-18.739742,1.989457,-32.037483,-11.075344,0.825503,9.368672,4.612795,-3.849427,-2.150527,-1.026044,-6.659746,5.895644,12.069050,-3.608174,-0.468308,-5.222391,-2.194586,-2.129687,-2.175625,0.315887,1.477823,-6.280967,0.272781,1.390880,-5.629209,-4.327216,-0.293373,-5.574336,0.155548,1.910751,-8.154371,0.139454,1.488893,-7.206761,6.748714,11.483401,-1.180660,5.637721,11.352649,2.139727,7.831115,10.347169,-2.421251,-11.392345,-1.306228,-11.213025,0.142423,1.444666,-7.228635,0.145839,1.486874,-7.216410,0.146920,1.442191,-7.185177,0.270053,1.359527,-5.532965,0.298379,1.405109,-5.406458,0.253056,1.356241,-5.754128,8.816554,10.284182,-4.491446,9.201742,9.754273,-3.763010,9.357072,9.319325,-3.422338,9.756713,8.669867,-3.914765,10.045402,7.547252,-3.920751,10.001076,6.761827,-3.206524,8.787299,6.210745,-3.115964,7.478899,6.131346,-1.461930,6.657651,6.479848,0.879688,5.638157,6.858340,0.838042,5.242944,8.061638,2.473926,5.732053,9.387290,5.889358,5.769855,10.622732,6.321300,6.233585,11.122908,6.396357,6.391065,11.514389,6.066554,6.502048,11.399346,5.913924,6.505123,11.417995,5.944764,8.334231,10.805820,-3.755454,8.021868,10.910696,-2.425737,7.377159,11.048034,-1.367901,6.947004,11.151902,-0.488005,6.519425,11.059093,1.020782,6.784081,10.607869,2.522567,6.578250,10.872857,3.165284,6.583603,11.048426,3.744216,6.321918,11.443595,4.372288,6.080741,11.512884,4.812678,7.599217,10.858861,2.427395,7.667125,10.533551,2.654965,7.534756,10.480941,2.514847,7.254858,10.287674,1.905214,8.260152,9.765478,0.437017,8.033846,9.805114,1.199934,8.027587,9.645507,2.164117,7.472561,9.786886,2.289454,7.320554,9.879660,2.879122,8.895543,10.564301,-1.464520,8.637369,10.836868,-0.970894,8.434218,11.037250,-0.447121,8.322392,10.901410,-0.225612,8.567707,10.827399,-0.736412,8.785630,10.676825,-0.900844,7.555204,11.163805,3.722872,7.286306,11.372761,4.121278,7.026504,11.535073,4.359729,6.858540,11.382134,4.921322,7.181438,11.415923,4.501203,7.336401,11.382910,3.918144,10.078188,8.256097,-2.756001,9.198743,8.764550,-1.975669,8.398200,9.182264,-0.376401,7.703760,9.631312,0.752643,6.779658,10.028776,2.136508,6.688920,10.162784,2.765467,6.457325,9.960713,3.625694,6.482154,9.430573,2.243033,6.623706,8.657353,1.424385,7.153714,8.398139,-0.322966,8.132268,8.122319,-1.001945,9.366619,8.154342,-1.388541,9.651642,8.558453,-1.954672,8.597715,8.997960,-0.960224,7.581899,9.446032,0.504188,6.975294,9.946221,1.392398,6.568309,10.051579,2.333820,6.733245,9.148519,1.699370,7.671831,8.833387,0.863970,8.785993,8.321535,-0.218661,8.553838,10.807288,-0.560010,7.206143,11.381303,4.270915,-6.054464,5.299080,14.191433,-7.835927,5.350007,16.562204,-10.306435,5.490499,18.768812,-11.313855,5.497543,18.890444,-11.800234,5.251002,18.721111,-9.986496,4.422070,18.937643,-11.284636,4.855236,17.904259,-12.489921,4.471817,19.052057,-13.576365,3.869430,20.359695,-9.278516,4.257528,17.017824,-11.047842,4.853445,15.796941,-12.683205,3.841695,18.249466,-13.981771,2.833869,21.373859,-8.606009,4.501417,15.180891,-10.385216,5.112677,13.871160,-11.648690,3.904945,16.330587,-12.565250,2.607264,19.306814,-8.007375,4.881050,13.235891,-9.555790,5.266498,12.889606,-10.472516,4.543011,14.419212,-10.990786,3.580098,16.574492,2.469561,-32.667370,-10.509523,-7.642690,-38.002552,-5.521310,-12.250743,-41.763988,-3.479809,-8.405806,-42.461899,-4.748633,-5.524457,-42.000050,-5.293421,1.152055,-38.451050,-10.230027,6.866554,-37.912853,-9.625792,9.704179,-37.448093,-7.186336,12.421096,-36.560146,-4.935708,10.323410,-34.292664,-13.006526,15.529638,-32.671665,-9.899858,15.501176,-33.913746,-4.449471,14.876063,-35.038887,-0.371213,16.274591,-30.449926,-13.304998,19.972401,-29.887810,-8.166461,20.396595,-31.624535,-4.970695,20.120491,-32.828854,-2.843642,20.366985,-27.409344,-11.867921,23.152956,-27.397861,-7.197062,23.438681,-27.825350,-4.210042,23.457735,-27.876230,-1.877603
5.568153,11.446837,0.230528,4.881932,4.534738,0.786063,8.360672,-0.914479,-2.701351,7.478446,-9.569324,-18.777973,2.672076,-32.149677,-11.628735,0.822222,9.380964,4.749554,-3.943006,-1.986803,-0.713464,-6.745724,6.194489,12.027532,-3.552578,-0.462520,-5.128436,-2.148615,-2.116019,-2.067446,0.320360,1.383854,-6.552614,0.275386,1.300314,-5.902607,-4.276830,-0.283256,-5.524054,0.196796,1.833006,-8.453186,0.181269,1.407708,-7.484587,6.688810,11.584245,-0.899001,5.573204,11.434487,2.485429,7.745277,10.443093,-2.064926,-11.292014,-1.308223,-11.181902,0.185980,1.364507,-7.505982,0.191039,1.412742,-7.492857,0.186927,1.359843,-7.463530,0.270747,1.268542,-5.805230,0.297353,1.313959,-5.677373,0.257357,1.265944,-6.028695,8.747336,10.340648,-4.118951,9.126811,9.827850,-3.371481,9.281878,9.414787,-3.018074,9.682803,8.779704,-3.521006,9.973532,7.658955,-3.570942,9.919454,6.864187,-2.867939,8.697128,6.317016,-2.818280,7.353652,6.224705,-1.160029,6.504941,6.586602,1.128481,5.492406,6.961640,1.086788,5.098702,8.176801,2.740235,5.603883,9.529477,6.148652,5.652539,10.759661,6.580404,6.130886,11.247763,6.678982,6.301392,11.628321,6.365594,6.425995,11.499311,6.227335,6.442383,11.509760,6.254406,8.289706,10.909065,-3.411943,7.975573,11.013126,-2.093986,7.329454,11.147056,-1.028725,6.899220,11.259780,-0.153579,6.473598,11.181011,1.368596,6.735093,10.728059,2.909733,6.531296,10.982379,3.559760,6.538321,11.151148,4.133492,6.274369,11.538062,4.752027,6.033637,11.604220,5.173466,7.529588,10.963264,2.769153,7.590686,10.643083,2.995896,7.453603,10.594481,2.858889,7.161178,10.407170,2.239418,8.162674,9.894087,0.804843,7.938791,9.940625,1.552426,7.938262,9.782438,2.503224,7.379240,9.918802,2.636904,7.231918,10.005923,3.213577,8.832349,10.658976,-1.106134,8.581912,10.946342,-0.607376,8.373353,11.148993,-0.079631,8.253203,10.997705,0.126386,8.498048,10.919724,-0.387673,8.717534,10.766692,-0.549928,7.491225,11.270717,4.097730,7.239691,11.489074,4.500047,6.976091,11.651816,4.752011,6.800841,11.488394,5.297144,7.112934,11.517980,4.881945,7.267721,11.483885,4.293923,9.968496,8.366502,-2.462304,9.091560,8.867393,-1.685942,8.295592,9.296332,-0.068056,7.594906,9.748129,1.075908,6.665310,10.155725,2.469322,6.566946,10.292987,3.084903,6.341684,10.087215,3.922002,6.324865,9.534501,2.524794,6.457145,8.744936,1.688902,6.989717,8.462477,-0.072354,7.982819,8.184249,-0.766174,9.242281,8.232552,-1.134217,9.540419,8.663590,-1.659596,8.490893,9.102816,-0.679275,7.465671,9.558867,0.808285,6.850907,10.069779,1.706041,6.439937,10.168441,2.632265,6.564617,9.237931,1.968515,7.518169,8.908740,1.122313,8.652751,8.393764,0.035667,8.489680,10.911707,-0.199048,7.151314,11.489952,4.653913,-6.131931,5.641260,14.005005,-7.850476,5.699821,16.308939,-10.262602,5.833808,18.520325,-11.269610,5.830319,18.659998,-11.764997,5.580605,18.523293,-9.974337,4.740629,18.695019,-11.270929,5.155850,17.650839,-12.451500,4.765528,18.806845,-13.514659,4.158029,20.116951,-9.302775,4.561478,16.795042,-11.050402,5.132561,15.569901,-12.654964,4.109276,18.024803,-13.926934,3.092543,21.146317,-8.658194,4.790890,14.986264,-10.405877,5.375696,13.669866,-11.635843,4.147427,16.124075,-12.530276,2.833784,19.089771,-8.078285,5.150761,13.074358,-9.595900,5.515487,12.731660,-10.486151,4.782489,14.248299,-10.989738,3.814631,16.394667,3.062712,-32.774815,-11.086331,-7.358500,-38.227203,-5.922228,-12.337653,-42.056759,-3.686236,-8.574521,-42.859257,-4.889921,-5.732922,-42.467525,-5.409724,1.230862,-38.641579,-10.568892,6.875117,-38.231190,-9.766517,9.647649,-37.879936,-7.156003,12.305056,-37.087414,-4.779372,10.686716,-34.434834,-13.433174,15.780388,-32.996105,-10.142552,15.753457,-34.370052,-4.597281,15.135723,-35.568062,-0.420923,16.848188,-30.536509,-13.755961,20.477581,-30.181278,-8.439017,21.007401,-32.073284,-5.220171,20.843494,-33.378494,-3.088384,21.123674,-27.448538,-12.300960,23.867903,-27.598745,-7.516362,24.191893,-28.132023,-4.527399,24.268454,-28.257654,-2.198608
5.379193,11.409652,0.527143,4.810532,4.563440,0.911054,8.302324,-0.827791,-2.540297,8.024643,-9.585418,-18.661901,3.345107,-32.131222,-12.004453,0.761033,9.311440,4.873470,-3.950781,-1.756896,-0.279831,-6.816483,6.581652,11.953694,-3.540327,-0.467003,-5.040146,-2.144336,-2.109581,-1.952150,0.323430,1.282613,-6.887766,0.275513,1.199584,-6.240942,-4.259755,-0.293582,-5.470339,0.241654,1.745098,-8.838314,0.227203,1.316767,-7.855681,6.532571,11.562921,-0.573478,5.400349,11.395440,2.852194,7.572848,10.446169,-1.691837,-11.153559,-1.311362,-11.200486,0.233963,1.274697,-7.877536,0.240999,1.328922,-7.864308,0.230693,1.267514,-7.833991,0.268687,1.167484,-6.140970,0.293288,1.212729,-6.010456,0.259462,1.165470,-6.369457,8.576070,10.304552,-3.676155,8.942009,9.815459,-2.925557,9.086968,9.432597,-2.575200,9.482170,8.817219,-3.100414,9.770445,7.699021,-3.204282,9.704537,6.892357,-2.529591,8.470098,6.343468,-2.526502,7.100376,6.232070,-0.872509,6.228102,6.604564,1.369991,5.218653,6.972698,1.328476,4.821230,8.190894,3.000132,5.337449,9.574621,6.427541,5.392944,10.797493,6.877424,5.883392,11.277132,7.000404,6.068622,11.645946,6.701163,6.208210,11.499337,6.576146,6.245575,11.499611,6.603143,8.144155,10.899132,-2.998404,7.827368,11.002814,-1.693166,7.180114,11.129952,-0.623093,6.747135,11.250241,0.248270,6.321358,11.186011,1.775871,6.571327,10.731292,3.367263,6.366112,10.974469,4.025609,6.371735,11.136039,4.596970,6.103617,11.517193,5.205888,5.862262,11.582493,5.599997,7.339690,10.957325,3.157223,7.389612,10.641090,3.370557,7.241027,10.589263,3.235400,6.936094,10.400269,2.605198,7.934624,9.907005,1.193057,7.707253,9.957643,1.924616,7.708701,9.801950,2.863058,7.146158,9.934125,3.020016,7.002773,10.018121,3.578251,8.659524,10.643409,-0.694583,8.417759,10.946444,-0.188274,8.201698,11.151066,0.344927,8.068339,10.982892,0.531187,8.313877,10.899894,0.013344,8.537236,10.744604,-0.147292,7.299122,11.272660,4.528488,7.066482,11.499047,4.938501,6.798925,11.660498,5.204505,6.612522,11.486167,5.729351,6.911479,11.511614,5.321361,7.068664,11.476733,4.727603,9.724257,8.379088,-2.137354,8.846254,8.858098,-1.365776,8.053513,9.290649,0.268256,7.348102,9.742683,1.421410,6.411234,10.160461,2.826268,6.308082,10.309986,3.430122,6.086474,10.112890,4.244095,6.037613,9.535471,2.823511,6.163393,8.729064,1.966099,6.699157,8.426423,0.190530,7.703220,8.147749,-0.507659,8.984131,8.216016,-0.850973,9.293219,8.667809,-1.332520,8.243282,9.087212,-0.374089,7.208373,9.547797,1.132231,6.587368,10.073288,2.042065,6.176922,10.181644,2.958143,6.267205,9.225870,2.265206,7.233350,8.884958,1.407603,8.385918,8.369474,0.317142,8.313737,10.906910,0.213929,6.966702,11.491832,5.097216,-6.214220,6.060960,13.803403,-7.874063,6.104546,16.072989,-10.232676,6.212283,18.315500,-11.246608,6.190697,18.473551,-11.753543,5.935105,18.372828,-9.933022,5.107013,18.433416,-11.227386,5.496775,17.360079,-12.385612,5.093669,18.513216,-13.428333,4.477363,19.819410,-9.296724,4.925882,16.526703,-11.029866,5.464459,15.295381,-12.598026,4.429450,17.741323,-13.832292,3.406015,20.845860,-8.684347,5.151392,14.731304,-10.411073,5.699878,13.415665,-11.601586,4.453602,15.858163,-12.464521,3.127947,18.800188,-8.132818,5.502366,12.844153,-9.626122,5.835651,12.510318,-10.484388,5.094196,14.011243,-10.965754,4.124737,16.140177,3.640761,-32.734291,-11.487055,-7.067610,-38.318745,-6.151449,-12.385495,-42.217880,-3.748397,-8.675884,-43.104088,-4.912820,-5.865561,-42.758385,-5.426492,1.312707,-38.676117,-10.783209,6.913632,-38.387714,-9.840927,9.652195,-38.144234,-7.086991,12.271923,-37.442951,-4.597676,11.035460,-34.409042,-13.737770,16.080103,-33.132515,-10.322195,16.097998,-34.629581,-4.689594,15.511285,-35.906143,-0.411664,17.399544,-30.446150,-14.087035,21.023554,-30.284531,-8.634024,21.687529,-32.320705,-5.406066,21.644527,-33.716549,-3.275441,21.862438,-27.305168,-12.611262,24.614548,-27.604963,-7.740839,24.994755,-28.233665,-4.750874,25.131218,-28.423594,-2.421927
5.147650,11.288646,0.816664,4.704008,4.568117,1.032678,8.203474,-0.741349,-2.386602,8.487709,-9.539773,-18.457243,3.996060,-32.015152,-12.265181,0.683992,9.193112,4.988328,-3.897813,-1.493541,0.200413,-6.876198,6.982161,11.866685,-3.542116,-0.482750,-4.927003,-2.155271,-2.112494,-1.810294,0.324226,1.166364,-7.278932,0.272106,1.081288,-6.634490,-4.251401,-0.317317,-5.387761,0.292054,1.641955,-9.294574,0.279234,1.210080,-8.301109,6.335784,11.465778,-0.240688,5.179710,11.281494,3.210357,7.366825,10.394024,-1.327538,-10.976561,-1.308036,-11.206147,0.288432,1.169233,-8.323990,0.297867,1.229417,-8.311195,0.280099,1.159112,-8.277953,0.262646,1.049006,-6.530911,0.284825,1.094135,-6.396999,0.258476,1.047423,-6.766182,8.357625,10.212811,-3.209149,8.707287,9.750932,-2.464699,8.837904,9.402318,-2.126671,9.224883,8.808511,-2.680334,9.509134,7.692699,-2.840595,9.431563,6.872166,-2.201197,8.184213,6.316118,-2.243744,6.796167,6.180764,-0.595248,5.904944,6.560278,1.609164,4.895620,6.920733,1.565113,4.490079,8.134317,3.256292,5.013392,9.550482,6.720203,5.071447,10.765762,7.199858,5.570190,11.241431,7.345583,5.769241,11.600043,7.056947,5.922630,11.435905,6.941689,5.983035,11.425612,6.968343,7.951316,10.818126,-2.558053,7.631289,10.921477,-1.265735,6.982860,11.039839,-0.192874,6.545921,11.165936,0.675355,6.119062,11.116453,2.204477,6.352338,10.660968,3.854433,6.143226,10.893110,4.520524,6.145416,11.046619,5.091554,5.872477,11.423873,5.691605,5.630426,11.490289,6.055207,7.093851,10.880541,3.559741,7.131173,10.566887,3.754079,6.968207,10.507193,3.620797,6.652503,10.312102,2.979184,7.648761,9.844625,1.585491,7.415264,9.897166,2.300385,7.416499,9.743643,3.228216,6.850550,9.871881,3.417619,6.711210,9.954650,3.953862,8.436065,10.558505,-0.265242,8.204115,10.878379,0.249972,7.979652,11.084705,0.789129,7.830792,10.898015,0.953219,8.076977,10.809355,0.431485,8.305230,10.651956,0.272427,7.045753,11.207283,4.982826,6.832621,11.441269,5.402610,6.561377,11.600647,5.683608,6.361725,11.414818,6.186468,6.646194,11.435818,5.786663,6.807122,11.400347,5.186666,9.423518,8.327563,-1.796792,8.541137,8.775517,-1.033420,7.750663,9.206532,0.614340,7.041641,9.657177,1.773400,6.096039,10.083851,3.190506,5.991273,10.250887,3.785658,5.772468,10.069547,4.580264,5.698977,9.466900,3.131784,5.820478,8.643950,2.249514,6.360254,8.324553,0.460713,7.372346,8.047407,-0.235811,8.671283,8.137231,-0.552423,8.988582,8.606098,-0.988233,7.934400,8.992725,-0.059708,6.889735,9.455186,1.461900,6.263820,9.996556,2.386410,5.858671,10.124458,3.298555,5.919666,9.146327,2.577203,6.897147,8.796056,1.707565,8.065365,8.282788,0.613015,8.086526,10.833853,0.644010,6.719796,11.425887,5.566640,-6.299864,6.482839,13.605991,-7.906806,6.497980,15.861636,-10.216125,6.570916,18.146400,-11.239028,6.529236,18.319384,-11.755460,6.268449,18.253483,-9.881622,5.461581,18.174297,-11.172565,5.823502,17.059946,-12.310612,5.405063,18.200603,-13.335176,4.778179,19.496445,-9.277428,5.286685,16.246027,-11.000520,5.791356,15.004798,-12.531234,4.744986,17.433716,-13.723695,3.716074,20.511446,-8.698145,5.515511,14.454815,-10.410598,6.024512,13.142195,-11.560196,4.761914,15.567945,-12.387998,3.426216,18.478722,-8.179499,5.865111,12.585516,-9.652844,6.163081,12.261103,-10.477462,5.413965,13.743722,-10.933017,4.444667,15.850518,4.199780,-32.585339,-11.773369,-6.753548,-38.306686,-6.285716,-12.361798,-42.268658,-3.746495,-8.690035,-43.213676,-4.888095,-5.913610,-42.894657,-5.405545,1.422412,-38.578892,-10.930846,6.996340,-38.392708,-9.889424,9.719240,-38.241871,-7.018922,12.313966,-37.619926,-4.434382,11.371893,-34.242371,-13.964055,16.411690,-33.096756,-10.465039,16.503691,-34.698967,-4.755538,15.963989,-36.050037,-0.381291,17.913996,-30.210379,-14.334423,21.576227,-30.216343,-8.777810,22.387506,-32.379986,-5.549869,22.465561,-33.853954,-3.424651,22.551004,-27.014887,-12.833109,25.345703,-27.442390,-7.897131,25.793108,-28.152052,-4.905397,25.987986,-28.394409,-2.571501
4.924183,11.126989,1.089136,4.612036,4.553428,1.150104,8.114875,-0.662043,-2.242274,8.886865,-9.473068,-18.212114,4.615622,-31.821753,-12.471421,0.621657,9.057465,5.099601,-3.811124,-1.225577,0.667486,-6.928910,7.339830,11.779494,-3.537272,-0.511193,-4.770028,-2.162221,-2.127449,-1.629987,0.321522,1.028006,-7.713322,0.263944,0.939037,-7.069131,-4.235493,-0.349894,-5.262239,0.349289,1.518380,-9.800900,0.338723,1.081729,-8.796641,6.143826,11.332224,0.077354,4.960280,11.131804,3.545910,7.170352,10.319174,-0.986377,-10.761060,-1.292809,-11.149282,0.350847,1.042236,-8.820768,0.363205,1.108370,-8.808662,0.336424,1.028742,-8.771597,0.251250,0.906726,-6.961399,0.270433,0.951809,-6.823816,0.253281,0.905278,-7.204324,8.137333,10.096616,-2.749933,8.471708,9.662320,-2.015849,8.587749,9.348155,-1.694124,8.966784,8.775125,-2.277709,9.246992,7.661593,-2.490812,9.159491,6.826008,-1.886149,7.901001,6.257681,-1.968589,6.501624,6.094531,-0.322127,5.596096,6.476971,1.850366,4.585006,6.831267,1.799415,4.168611,8.034495,3.509657,4.695732,9.481451,7.017035,4.752143,10.689991,7.531243,5.254661,11.166737,7.697367,5.464851,11.518489,7.417732,5.629705,11.339930,7.309709,5.711390,11.320335,7.334271,7.755439,10.701989,-2.120045,7.431703,10.804518,-0.840192,6.781980,10.913268,0.234077,6.341188,11.043135,1.099144,5.913355,11.008202,2.629173,6.127661,10.553610,4.342257,5.913139,10.775307,5.014471,5.910820,10.919829,5.585897,5.633401,11.294463,6.178289,5.391130,11.363683,6.512765,6.844635,10.765821,3.956158,6.870152,10.453393,4.131159,6.693160,10.383469,3.999500,6.369403,10.180281,3.346483,7.363767,9.740887,1.971351,7.124012,9.793552,2.668969,7.124312,9.641088,3.587704,6.555148,9.764858,3.812953,6.420316,9.847473,4.325862,8.210521,10.438915,0.159077,7.989646,10.777078,0.683382,7.756892,10.984784,1.228211,7.592365,10.777559,1.368991,7.838235,10.683070,0.843810,8.071297,10.523781,0.686835,6.786588,11.106613,5.437210,6.593121,11.348763,5.867229,6.318669,11.506131,6.164659,6.104967,11.307859,6.645625,6.374448,11.323801,6.253821,6.539461,11.287799,5.647000,9.126700,8.239620,-1.452456,8.239156,8.652395,-0.701586,7.450928,9.079279,0.957524,6.739012,9.527805,2.121592,5.783646,9.961233,3.550709,5.679621,10.146971,4.139277,5.464006,9.982926,4.918400,5.370320,9.356155,3.443055,5.488993,8.517497,2.534995,6.033675,8.184247,0.735324,7.051853,7.910169,0.042566,8.365518,8.021908,-0.249146,8.687511,8.507244,-0.638075,7.628875,8.855196,0.254243,6.574851,9.317961,1.788795,5.944414,9.874121,2.729040,5.548215,10.023923,3.641392,5.583113,9.026403,2.893876,6.571435,8.668560,2.012288,7.753326,8.159911,0.913188,7.857895,10.727180,1.068695,6.466772,11.325241,6.036972,-6.385985,6.852603,13.423049,-7.946555,6.833504,15.674350,-10.211210,6.871120,18.001160,-11.241824,6.810949,18.183874,-11.763210,6.547431,18.148840,-9.834206,5.761893,17.928671,-11.121245,6.096886,16.769001,-12.240644,5.663085,17.889917,-13.248337,5.025420,19.169752,-9.258142,5.597488,15.974326,-10.973717,6.070601,14.720201,-12.468693,5.013382,17.127127,-13.620145,3.979222,20.172039,-8.710595,5.833786,14.183530,-10.412354,6.304474,12.873148,-11.522267,5.026240,15.278502,-12.315205,3.680942,18.154882,-8.225439,6.186350,12.327319,-9.681375,6.449844,12.010182,-10.473015,5.693553,13.471977,-10.901755,4.724872,15.554709,4.734538,-32.353825,-12.003258,-6.410175,-38.209515,-6.392470,-12.250257,-42.225227,-3.748881,-8.608177,-43.205795,-4.876560,-5.872456,-42.900101,-5.400715,1.574269,-38.371265,-11.068707,7.132909,-38.261467,-9.953971,9.848103,-38.184704,-6.989333,12.423001,-37.627819,-4.326489,11.699867,-33.958714,-14.161132,16.763590,-32.911083,-10.602945,16.944605,-34.599075,-4.827809,16.459986,-36.016556,-0.368380,18.386553,-29.856390,-14.542542,22.114464,-29.999912,-8.903433,23.071768,-32.273880,-5.679721,23.263212,-33.814541,-3.562138,23.173620,-26.607649,-13.009789,26.032204,-27.138651,-8.020258,26.550085,-27.915543,-5.025229,26.798342,-28.200397,-2.682764
4.735037,10.940677,1.341566,4.554636,4.525675,1.261273,8.059574,-0.591238,-2.115705,9.227516,-9.388547,-17.939863,5.181007,-31.541342,-12.651630,0.584467,8.922545,5.212675,-3.707321,-0.972434,1.091467,-6.974511,7.627447,11.696426,-3.521569,-0.556179,-4.562674,-2.160573,-2.159527,-1.406578,0.313330,0.860896,-8.178459,0.248999,0.766698,-7.531719,-4.210279,-0.392566,-5.089608,0.414052,1.368028,-10.338120,0.406543,0.925222,-9.321967,5.980458,11.177682,0.370258,4.766860,10.962402,3.853984,7.006551,10.234924,-0.678781,-10.504526,-1.262752,-11.001306,0.422237,0.887306,-9.347393,0.438179,0.959275,-9.335996,0.400411,0.869974,-9.294905,0.232324,0.734548,-7.419682,0.247836,0.779809,-7.278433,0.242051,0.732949,-7.670438,7.939654,9.968714,-2.320635,8.261065,9.559437,-1.599310,8.363490,9.277080,-1.295518,8.734946,8.722509,-1.908005,9.010365,7.612175,-2.166008,8.915487,6.761297,-1.592167,7.650564,6.175025,-1.706110,6.247678,5.980503,-0.057208,5.332960,6.360464,2.087700,4.318769,6.711869,2.025315,3.890807,7.900176,3.749198,4.417531,9.373048,7.296740,4.467721,10.576271,7.845262,4.968731,11.060089,8.030453,5.186417,11.409990,7.762748,5.360472,11.222354,7.663411,5.460305,11.196479,7.685867,7.580074,10.564987,-1.703299,7.252083,10.665629,-0.434823,6.601074,10.764362,0.639694,6.157537,10.895591,1.500713,5.729473,10.874437,3.032454,5.924018,10.422425,4.808808,5.702942,10.634760,5.485213,5.695570,10.770023,6.056479,5.414480,11.143113,6.642770,5.172430,11.216796,6.952705,6.619882,10.624238,4.330517,6.635376,10.311376,4.487924,6.446651,10.229995,4.355906,6.118011,10.017179,3.692821,7.110528,9.606647,2.335462,6.865421,9.657394,3.015363,6.864883,9.504874,3.925890,6.293381,9.622642,4.185977,6.163193,9.705724,4.676387,8.008989,10.297705,0.562176,7.800427,10.655759,1.094758,7.560082,10.864266,1.644543,7.381011,10.634020,1.761227,7.625106,10.533931,1.233779,7.862285,10.373304,1.079811,6.551382,10.982000,5.870871,6.377528,11.233589,6.310593,6.100364,11.389518,6.626068,5.872329,11.177555,7.086797,6.126989,11.187590,6.701709,6.296107,11.151194,6.087168,8.862176,8.122484,-1.118959,7.973174,8.499381,-0.384228,7.188597,8.921180,1.283233,6.474557,9.367415,2.452787,5.508811,9.804696,3.892745,5.406413,10.006897,4.474116,5.194495,9.857100,5.238254,5.083484,9.209211,3.743303,5.200106,8.356476,2.812493,5.750687,8.011763,1.005279,6.773550,7.741655,0.316487,8.097539,7.875389,0.045055,8.419138,8.379118,-0.296608,7.361757,8.687714,0.555933,6.299655,9.150152,2.101620,5.664114,9.717930,3.055889,5.278627,9.885234,3.967862,5.288905,8.871598,3.199317,6.287276,8.507455,2.307452,7.480742,8.005485,1.203646,7.654720,10.599728,1.471634,6.237808,11.201961,6.486402,-6.467364,7.145910,13.257856,-7.989015,7.089902,15.509991,-10.216102,7.093833,17.874779,-11.252709,7.017064,18.062153,-11.774231,6.752590,18.053291,-9.795401,5.987702,17.700005,-11.079927,6.297272,16.496769,-12.181975,5.848930,17.593027,-13.173640,5.200841,18.852678,-9.243258,5.836267,15.719872,-10.954068,6.280688,14.452616,-12.416040,5.212489,16.834707,-13.529469,4.172490,19.843180,-8.725175,6.082886,13.928330,-10.419258,6.517404,12.619499,-11.491813,5.223337,15.001851,-12.251729,3.867900,17.842976,-8.272504,6.441320,12.081577,-9.713326,6.672596,11.769359,-10.473564,5.909228,13.207980,-10.875410,4.940677,15.266083,5.221844,-32.032230,-12.201670,-6.055232,-38.014473,-6.500041,-12.058753,-42.077244,-3.786080,-8.437397,-43.074677,-4.906075,-5.745382,-42.772984,-5.436777,1.758977,-38.049908,-11.225683,7.317986,-37.992073,-10.057982,10.032477,-37.972679,-7.018412,12.593184,-37.468304,-4.291821,12.008554,-33.557373,-14.356989,17.122747,-32.579132,-10.754846,17.399494,-34.337860,-4.924825,16.974190,-35.815212,-0.394003,18.804623,-29.386019,-14.739044,22.621420,-29.638340,-9.030956,23.713535,-32.007271,-5.811932,24.004499,-33.605354,-3.702129,23.714334,-26.086882,-13.169948,26.652903,-26.699287,-8.132826,27.239008,-27.532585,-5.132578,27.533056,-27.853043,-2.779894
4.593310,10.732324,1.571688,4.535150,4.492301,1.362998,8.044939,-0.527783,-2.019397,9.507912,-9.273725,-17.640778,5.661622,-31.153780,-12.816007,0.571598,8.799399,5.332622,-3.597657,-0.748417,1.458402,-7.010251,7.834132,11.618168,-3.499728,-0.621811,-4.305945,-2.153668,-2.214073,-1.140732,0.297634,0.659478,-8.662207,0.225320,0.559283,-8.010041,-4.181724,-0.448895,-4.870804,0.486712,1.185108,-10.888132,0.483270,0.734897,-9.859083,5.857691,11.005581,0.630874,4.611396,10.777707,4.131375,6.887002,10.144289,-0.415399,-10.204726,-1.216935,-10.748140,0.503313,0.698782,-9.885661,0.523647,0.776333,-9.874882,0.472509,0.677170,-9.830048,0.203788,0.527591,-7.893691,0.214775,0.573234,-7.749007,0.222918,0.525320,-8.152036,7.777772,9.832532,-1.942589,8.088468,9.442863,-1.235953,8.177824,9.187365,-0.950724,8.540630,8.648104,-1.589753,8.808585,7.543489,-1.881169,8.709278,6.678307,-1.332855,7.445834,6.067425,-1.468396,6.049242,5.837868,0.186587,5.131372,6.208077,2.307340,4.113241,6.561415,2.229446,3.675436,7.730778,3.955106,4.195905,9.221442,7.529656,4.234774,10.421007,8.108258,4.728346,10.919162,8.312886,4.949265,11.273689,8.065577,5.130887,11.084064,7.981565,5.245546,11.056708,8.005215,7.437683,10.410326,-1.325944,7.104825,10.507542,-0.066953,6.452802,10.595985,1.006700,6.008495,10.725701,1.861989,5.581333,10.716741,3.396568,5.756247,10.268703,5.231495,5.527571,10.473325,5.910283,5.514928,10.600021,6.479664,5.231220,10.972686,7.061844,4.989429,11.052595,7.354551,6.434662,10.456044,4.664881,6.442323,10.140760,4.807141,6.245423,10.047211,4.670543,5.915348,9.822896,4.000329,6.905575,9.441482,2.656657,6.656325,9.487623,3.318747,6.655591,9.334516,4.221490,6.083656,9.443600,4.511613,5.957506,9.527380,4.982491,7.845704,10.137118,0.927102,7.650537,10.516551,1.466054,7.403661,10.724994,2.019883,7.212186,10.468868,2.111771,7.452728,10.363870,1.583955,7.692959,10.202934,1.434300,6.356563,10.834434,6.260647,6.202043,11.097110,6.708886,5.922637,11.252575,7.043903,5.680165,11.025407,7.487747,5.920856,11.028611,7.106887,6.094008,10.992103,6.483366,8.641517,7.973552,-0.815759,7.760213,8.316510,-0.099432,6.982462,8.733270,1.572420,6.267423,9.177503,2.748883,5.291250,9.614806,4.197619,5.189629,9.828287,4.767804,4.981459,9.685659,5.512612,4.855257,9.021715,4.011569,4.969869,8.157636,3.065748,5.527346,7.803403,1.254925,6.553694,7.537637,0.569338,7.881737,7.693590,0.311537,8.195980,8.219539,0.016382,7.152665,8.492470,0.828703,6.084939,8.954619,2.383922,5.442736,9.528872,3.347603,5.067539,9.702955,4.252740,5.053167,8.677131,3.471710,6.059855,8.307564,2.573104,7.262321,7.814034,1.464975,7.491709,10.453323,1.835461,6.049484,11.057404,6.891146,-6.537424,7.355179,13.111487,-8.028772,7.260617,15.368711,-10.228675,7.231819,17.767271,-11.270357,7.138848,17.955235,-11.787858,6.873165,17.968351,-9.765015,6.131731,17.489794,-11.050804,6.416745,16.249531,-12.136918,5.954638,17.318657,-13.113322,5.296427,18.555962,-9.232575,5.994983,15.486023,-10.942514,6.412557,14.208488,-12.374657,5.332124,16.564592,-13.454021,4.284762,19.535009,-8.741279,6.254242,13.693426,-10.431267,6.654129,12.386602,-11.469366,5.343026,14.744307,-12.198878,3.976048,17.550737,-8.319347,6.620901,11.852722,-9.747921,6.822067,11.543763,-10.478789,6.051233,12.957223,-10.854092,5.081440,14.990952,5.628156,-31.600615,-12.374816,-5.720989,-37.696693,-6.613132,-11.810976,-41.803360,-3.864401,-8.196739,-42.804550,-4.981984,-5.543685,-42.500191,-5.517321,1.952512,-37.601742,-11.410542,7.534991,-37.576611,-10.207682,10.260660,-37.602566,-7.109490,12.818624,-37.141815,-4.330533,12.278098,-33.028515,-14.563761,17.473341,-32.097839,-10.925927,17.847321,-33.919125,-5.049426,17.483635,-35.454002,-0.461283,19.150742,-28.791819,-14.938650,23.081060,-29.127611,-9.167471,24.289268,-31.578953,-5.949940,24.660370,-33.227863,-3.845781,24.156467,-25.446545,-13.331052,27.190208,-26.121979,-8.245856,27.837833,-27.004494,-5.237345,28.168200,-27.357010,-2.874608
4.502367,10.501538,1.779324,4.548589,4.460802,1.452537,8.069606,-0.469200,-1.962938,9.727240,-9.118216,-17.314749,6.035992,-30.648422,-12.967330,0.577082,8.694968,5.462322,-3.490359,-0.561500,1.764685,-7.033323,7.960094,11.543925,-3.478645,-0.709678,-4.007604,-2.146855,-2.293608,-0.838898,0.273700,0.422458,-9.154071,0.192312,0.316011,-8.493699,-4.157078,-0.521095,-4.612250,0.567089,0.967797,-11.436381,0.568795,0.509393,-10.393948,5.778983,10.816129,0.856400,4.497123,10.578831,4.378262,6.814394,10.047192,-0.202236,-9.863717,-1.156891,-10.391527,0.594012,0.475239,-10.421432,0.619597,0.557995,-10.411074,0.552578,0.448964,-10.363114,0.164983,0.285010,-8.373250,0.170591,0.331333,-8.225496,0.195334,0.281539,-8.638667,7.656333,9.688412,-1.629712,7.957831,9.311140,-0.939416,8.033621,9.076199,-0.672871,8.385008,8.548881,-1.335654,8.640854,7.453820,-1.647098,8.539955,6.576374,-1.118805,7.287915,5.933664,-1.265776,5.908706,5.665390,0.397906,4.994283,6.017570,2.497720,3.971816,6.378670,2.400922,3.528059,7.525807,4.112046,4.035565,9.024053,7.693901,4.058068,10.221675,8.295920,4.538194,10.741962,8.521896,4.758036,11.108272,8.307680,4.946417,10.924467,8.249616,5.073028,10.901434,8.280504,7.332845,10.238299,-0.999788,6.994431,10.330187,0.252329,6.341958,10.408193,1.324132,5.899354,10.533235,2.171555,5.474419,10.534432,3.710237,5.630304,10.091438,5.595663,5.393073,10.290360,6.275408,5.375210,10.410016,6.840516,5.089965,10.783397,7.420798,4.848068,10.871470,7.705307,6.294638,10.260014,4.947528,6.296606,9.940130,5.077163,6.095641,9.833971,4.930179,5.767474,9.595868,4.256916,6.754377,9.243779,2.919752,6.502261,9.282254,3.564348,6.502312,9.128621,4.459475,5.932673,9.225557,4.772388,5.809351,9.310063,5.228189,7.725969,9.956820,1.242709,7.545016,10.358896,1.785398,7.292876,10.566290,2.342357,7.091708,10.281334,2.408863,7.326789,10.172376,1.883037,7.568834,10.012485,1.739097,6.208520,10.663212,6.591267,6.072927,10.938753,7.046507,5.791693,11.094877,7.402224,5.534757,10.850964,7.833801,5.762775,10.846411,7.453812,5.939903,10.810197,6.819774,8.465540,7.789951,-0.557126,7.605295,8.102550,0.139724,6.838935,8.514991,1.811643,6.124313,8.957848,2.997042,5.138076,9.390806,4.452077,5.035071,9.608578,5.004503,4.830211,9.463470,5.721758,4.690282,8.789950,4.232186,4.802174,7.917900,3.282310,5.367486,7.555646,1.471903,6.396318,7.294194,0.788265,7.720866,7.472882,0.536401,8.019627,8.025985,0.286164,7.008434,8.269707,1.060200,5.938433,8.732184,2.623670,5.287327,9.306549,3.590227,4.920375,9.472553,4.477738,4.880074,8.438842,3.694971,5.892481,8.064406,2.794467,7.101077,7.580736,1.682775,7.374334,10.287323,2.148801,5.908249,10.890943,7.235585,-6.590806,7.483365,12.983218,-8.061147,7.349368,15.249605,-10.246435,7.287815,17.678396,-11.293303,7.177533,17.863884,-11.803619,6.908535,17.895657,-9.740990,6.196460,17.297527,-11.033668,6.457093,16.029369,-12.105402,5.981675,17.070887,-13.067353,5.313344,18.285532,-9.224169,6.075508,15.272691,-10.938195,6.467042,13.989518,-12.343823,5.372177,16.319614,-13.393490,4.315236,19.252043,-8.756760,6.349311,13.478814,-10.446987,6.715421,12.175114,-11.453801,5.385269,14.507215,-12.155969,4.004704,17.280537,-8.363418,6.726131,11.640736,-9.783196,6.898873,11.333902,-10.487046,6.119839,12.720532,-10.836432,5.146815,14.730595,5.929318,-31.048079,-12.522519,-5.435154,-37.241634,-6.727084,-11.532845,-41.391449,-3.978140,-7.907744,-42.387993,-5.098002,-5.281652,-42.075874,-5.635068,2.132275,-37.021687,-11.621186,7.766808,-37.015537,-10.397899,10.520802,-37.079655,-7.253897,13.093517,-36.657162,-4.430250,12.493331,-32.369858,-14.784274,17.802982,-31.471468,-11.112421,18.272255,-33.353271,-5.194242,17.971432,-34.947121,-0.561242,19.414450,-28.073320,-15.147590,23.483644,-28.471153,-9.311525,24.784441,-30.995232,-6.089005,25.212898,-32.690956,-3.986201,24.492546,-24.687063,-13.502189,27.635902,-25.410912,-8.362135,28.335123,-26.338736,-5.340743,28.691141,-26.722561,-2.969001
4.454465,10.248677,1.969719,4.584858,4.436976,1.529121,8.125425,-0.412017,-1.946720,9.889047,-8.922527,-16.963982,6.306674,-30.034847,-13.105124,0.592661,8.611256,5.600512,-3.389951,-0.410081,2.017127,-7.042958,8.015818,11.471713,-3.463270,-0.817237,-3.682075,-2.144032,-2.395799,-0.513327,0.242879,0.155298,-9.647365,0.151562,0.042521,-8.976599,-4.141025,-0.608115,-4.327050,0.654100,0.721114,-11.975983,0.661950,0.254031,-10.920270,5.738109,10.609462,1.052639,4.417717,10.366249,4.602276,6.781487,9.943137,-0.034427,-9.489627,-1.086772,-9.951705,0.693053,0.222035,-10.948445,0.724625,0.309499,-10.938331,0.639569,0.190737,-10.887845,0.117632,0.012448,-8.852248,0.117139,0.059747,-8.701747,0.160769,0.007330,-9.124189,7.569674,9.535527,-1.377512,7.862494,9.163549,-0.705225,7.923161,8.943269,-0.457473,8.259260,8.425032,-1.141700,8.497443,7.343664,-1.460875,8.396931,6.456266,-0.947874,7.165588,5.775034,-1.097524,5.813855,5.464721,0.577115,4.908853,5.791726,2.659156,3.881951,6.166398,2.540664,3.436963,7.289235,4.221215,3.925817,8.785353,7.790865,3.927954,9.982454,8.409734,4.389687,10.531899,8.659779,4.604960,10.916278,8.492343,4.800124,10.745304,8.471690,4.936773,10.731908,8.516678,7.260786,10.048967,-0.720613,6.916205,10.133818,0.527521,6.263845,10.201219,1.596821,5.825351,10.318836,2.434577,5.403767,10.328265,3.978652,5.541017,9.891356,5.906610,5.294453,10.086495,6.586409,5.271660,10.201020,7.144919,4.985822,10.576324,7.725382,4.743215,10.674537,8.010559,6.193687,10.037175,5.183928,6.191676,9.710778,5.302890,5.990290,9.591669,5.139547,5.666746,9.337510,4.467241,6.648822,9.015177,3.128158,6.394942,9.043091,3.755766,6.396832,8.889483,4.643717,5.832292,8.970900,4.972142,5.710444,9.056021,5.417486,7.644180,9.756966,1.513496,7.478029,10.182834,2.057322,7.221774,10.388373,2.616760,7.013509,10.071973,2.657531,7.241354,9.959888,2.135871,7.484126,9.802357,1.998692,6.101212,10.469702,6.867827,5.984186,10.759661,7.328631,5.701471,10.917557,7.706071,5.429999,10.655500,8.130053,5.646658,10.642421,7.747508,5.827699,10.606872,7.101449,8.324022,7.573176,-0.340866,7.498914,7.858943,0.336045,6.748918,8.268036,2.004307,6.035998,8.710320,3.200860,5.040102,9.134889,4.660032,4.933146,9.350237,5.187588,4.731003,9.193154,5.868089,4.577924,8.516425,4.407041,4.685844,7.639527,3.464148,5.259897,7.269979,1.657513,6.290522,7.012637,0.974438,7.604351,7.214791,0.721393,7.879860,7.800061,0.514603,6.919578,8.021091,1.252861,5.850626,8.484740,2.823828,5.188316,9.053329,3.786665,4.827185,9.196491,4.645264,4.758946,8.158872,3.871171,5.774403,7.779742,2.973556,6.986504,7.306907,1.859094,7.296731,10.101919,2.416266,5.808058,10.703725,7.524936,-6.625855,7.542189,12.869629,-8.084032,7.368949,15.148517,-10.266964,7.274572,17.604097,-11.319935,7.145565,17.784451,-11.820941,6.870668,17.832134,-9.720717,6.193710,17.118870,-11.026402,6.429921,15.831387,-12.085193,5.941483,16.845469,-13.033401,5.262819,18.037987,-9.215806,6.089020,15.075145,-10.939184,6.455015,13.790298,-12.321451,5.343490,16.094448,-13.345462,4.274726,18.989567,-8.769451,6.378739,13.279565,-10.464570,6.711861,11.979347,-11.443162,5.360626,14.285025,-12.120880,3.964391,17.026945,-8.402397,6.767184,11.440891,-9.817111,6.913099,11.134792,-10.496227,6.125228,12.493022,-10.820428,5.147088,14.480076,6.127228,-30.384327,-12.643950,-5.204314,-36.658562,-6.835697,-11.239604,-40.851025,-4.116827,-7.583924,-41.836857,-5.243531,-4.969438,-41.512226,-5.779943,2.291152,-36.321941,-11.850797,8.006321,-36.324524,-10.618114,10.807529,-36.422390,-7.437111,13.414418,-36.034813,-4.572617,12.655584,-31.594713,-15.015857,18.110130,-30.717461,-11.306993,18.671827,-32.660515,-5.348397,18.435026,-34.316193,-0.679859,19.602371,-27.244150,-15.365474,23.832609,-27.685854,-9.457448,25.201937,-30.275150,-6.221235,25.665098,-32.015232,-4.114033,24.732950,-23.822115,-13.684155,27.997971,-24.582287,-8.478518,28.737667,-25.553335,-5.438352,29.108610,-25.969198,-3.058107
4.433456,9.974518,2.152640,4.630980,4.424113,1.594301,8.199533,-0.352309,-1.962381,10.000142,-8.696896,-16.592394,6.497999,-29.338511,-13.227956,0.609503,8.545559,5.742840,-3.297112,-0.285005,2.230001,-7.040679,8.018627,11.399019,-3.455694,-0.938520,-3.347181,-2.146926,-2.514180,-0.179547,0.208009,-0.131673,-10.139766,0.106280,-0.250744,-9.457160,-4.134759,-0.706010,-4.031695,0.745998,0.455099,-12.507557,0.760729,-0.020875,-11.439042,5.721390,10.385532,1.232594,4.359527,10.139624,4.816996,6.773438,9.831277,0.102489,-9.094199,-1.012018,-9.461267,0.798190,-0.050592,-11.467794,0.836249,0.041121,-11.457806,0.731724,-0.087175,-11.405181,0.065174,-0.279787,-9.329009,0.058075,-0.231317,-9.175954,0.122166,-0.286856,-9.607163,7.503874,9.371985,-1.165178,7.787470,9.000110,-0.512678,7.830580,8.790397,-0.284249,8.147187,8.279493,-0.988782,8.362322,7.215258,-1.306789,8.262918,6.319899,-0.805935,7.058624,5.594863,-0.952172,5.741788,5.239906,0.735936,4.850522,5.537427,2.802860,3.819282,5.930574,2.660520,3.377376,7.028575,4.298657,3.844297,8.515379,7.842327,3.823771,9.712821,8.473637,4.263957,10.296471,8.750530,4.472578,10.703151,8.641728,4.675333,10.550016,8.667949,4.821314,10.549811,8.732759,7.209096,9.842095,-0.469708,6.857863,9.918543,0.776943,6.206070,9.975259,1.843494,5.773413,10.083399,2.670493,5.355901,10.099933,4.221207,5.474201,9.670424,6.186668,5.217801,9.863279,6.866058,5.190423,9.974342,7.416265,4.904711,10.352871,7.998461,4.660759,10.463158,8.291423,6.116190,9.790199,5.394485,6.111154,9.455928,5.503626,5.911810,9.323578,5.318943,5.594645,9.051517,4.650449,6.570055,8.759834,3.301831,6.315228,8.775008,3.912814,6.319853,8.622165,4.794489,5.762721,8.685595,5.133135,5.641281,8.771188,5.571721,7.585869,9.538008,1.757881,7.434969,9.988713,2.300821,7.175369,10.191985,2.862462,6.961884,9.842173,2.877398,7.181093,9.727454,2.361445,7.423861,9.573194,2.231520,6.018488,10.256645,7.112916,5.920068,10.562243,7.578106,5.636075,10.722697,7.978238,5.349967,10.441545,8.398188,5.556077,10.419317,8.010419,5.740993,10.384648,7.351172,8.198481,7.328092,-0.149993,7.420419,7.589211,0.506396,6.691157,7.995751,2.168590,5.980818,8.438315,3.378307,4.975302,8.851545,4.840374,4.862326,9.059728,5.337177,4.662440,8.883669,5.973264,4.495749,8.208742,4.553642,4.598236,7.328907,3.626020,5.181887,6.951933,1.825507,6.213996,6.698555,1.141886,7.511554,6.925121,0.882338,7.757646,7.546628,0.718522,6.863826,7.749229,1.422456,5.798440,8.214862,3.000713,5.123067,8.773639,3.954616,4.766223,8.882916,4.775836,4.667774,7.844503,4.018433,5.684185,7.460414,3.127364,6.897920,6.998956,2.010639,7.243852,9.897836,2.656593,5.732896,10.498176,7.782091,-6.644722,7.548652,12.765596,-8.098185,7.337636,15.058914,-10.288668,7.211265,17.537439,-11.349056,7.062927,17.709776,-11.839624,6.780420,17.770880,-9.702058,6.141244,16.946827,-11.026182,6.353309,15.645554,-12.073127,5.852201,16.631838,-13.008017,5.162957,17.802414,-9.205941,6.052660,14.885496,-10.943598,6.394103,13.600485,-12.305118,5.264482,15.877776,-13.306664,4.182280,18.735918,-8.778053,6.359095,13.087542,-10.482660,6.660552,11.789415,-11.435627,5.286942,14.067426,-12.091246,3.873551,16.779119,-8.435142,6.760159,11.245531,-9.848419,6.881073,10.937943,-10.504828,6.084243,12.266110,-10.804476,5.099852,14.230293,6.247659,-29.635347,-12.739755,-5.013384,-35.976124,-6.934913,-10.932135,-40.209404,-4.270131,-7.227327,-41.178459,-5.408319,-4.609753,-40.835892,-5.943344,2.438863,-35.527977,-12.092220,8.258455,-35.529751,-10.857275,11.123260,-35.657299,-7.643907,13.780993,-35.301674,-4.738950,12.782164,-30.727583,-15.253801,18.404518,-29.861568,-11.502359,19.056423,-31.866076,-5.501734,18.885002,-33.585369,-0.803129,19.736338,-26.327675,-15.588161,24.143511,-26.797134,-9.598567,25.560072,-29.445166,-6.338876,26.038164,-31.227652,-4.220741,24.903069,-22.874331,-13.872077,28.298262,-23.659784,-8.588980,29.067810,-24.672266,-5.523229,29.443731,-25.120907,-3.133383
4.421343,9.678657,2.338059,4.673373,4.423542,1.651201,8.277162,-0.286528,-1.998055,10.066814,-8.454485,-16.204243,6.640801,-28.588125,-13.335265,0.619421,8.492302,5.884912,-3.209972,-0.175659,2.419356,-7.029151,7.987007,11.324095,-3.456274,-1.066504,-3.018933,-2.156080,-2.640702,0.147733,0.172200,-0.427394,-10.631381,0.059847,-0.552847,-9.936159,-4.137455,-0.809969,-3.740537,0.840897,0.180559,-13.034471,0.862986,-0.304308,-11.954010,5.713047,10.142688,1.410367,4.307038,9.896903,5.036148,6.773070,9.709278,0.225382,-8.688787,-0.937465,-8.953358,0.907007,-0.331709,-11.983230,0.951777,-0.236164,-11.973334,0.827136,-0.373741,-11.918732,0.011286,-0.580805,-9.804265,-0.002654,-0.531071,-9.648743,0.082676,-0.589933,-10.088511,7.442184,9.194491,-0.967581,7.715032,8.820005,-0.336890,7.737513,8.619053,-0.128991,8.030523,8.115022,-0.853912,8.217884,7.070628,-1.165582,8.119161,6.168812,-0.675413,6.945129,5.396413,-0.815115,5.667787,4.994994,0.889103,4.792867,5.261854,2.942620,3.757634,5.677120,2.774879,3.322226,6.750896,4.363904,3.766481,8.224136,7.874522,3.722580,9.422020,8.516450,4.139818,10.042657,8.822680,4.341127,10.473537,8.781573,4.552862,10.341027,8.861051,4.708600,10.355520,8.949624,7.162692,9.615803,-0.225019,6.804508,9.682973,1.022043,6.153607,9.728921,2.085834,5.727814,9.826308,2.901471,5.314653,9.849663,4.459693,5.412977,9.429234,6.460843,5.146517,9.620847,7.139596,5.114950,9.729791,7.680449,4.829829,10.112885,8.265265,4.583983,10.237132,8.570923,6.043781,9.520589,5.602149,6.035944,9.177838,5.701108,5.839849,9.032058,5.491362,5.530025,8.740892,4.827913,6.496543,8.481342,3.464236,6.241374,8.482424,4.058504,6.249384,8.331164,4.935103,5.701303,8.375122,5.281223,5.579698,8.461102,5.715482,7.533685,9.299088,1.997313,7.398435,9.775543,2.537927,7.135971,9.976582,3.101580,6.918325,9.592138,3.090777,7.127847,9.474917,2.581537,7.370225,9.324420,2.458942,5.941354,10.025603,7.351959,5.861988,10.347567,7.820597,5.576854,10.510977,8.244281,5.276000,10.210300,8.662260,5.471794,10.178575,8.267709,5.660491,10.144776,7.594692,8.068743,7.059584,0.035918,7.346559,7.296338,0.670663,6.641633,7.700827,2.325566,5.934258,8.144338,3.550056,4.918818,8.544565,5.014579,4.798519,8.743242,5.476571,4.600681,8.544404,6.062924,4.419073,7.874667,4.692627,4.514644,6.992597,3.785184,5.108655,6.607229,1.992340,6.142181,6.357732,1.307437,7.419729,6.609787,1.038206,7.632057,7.270427,0.918210,6.816072,7.455850,1.587455,5.755829,7.924162,3.173196,5.066138,8.471260,4.114544,4.713194,8.540244,4.893743,4.582312,7.503245,4.158175,5.598267,7.113550,3.275979,6.812547,6.663612,2.157255,7.197848,9.674598,2.891275,5.663865,10.275394,8.032660,-6.651323,7.520185,12.666682,-8.106118,7.273956,14.975013,-10.311151,7.117601,17.472025,-11.380523,6.950465,17.633169,-11.860393,6.659822,17.705256,-9.684119,6.057376,16.775084,-11.031062,6.246136,15.462064,-12.066836,5.732953,16.419029,-12.988510,5.032990,17.566948,-9.194235,5.984298,14.696412,-10.950563,6.302956,13.409854,-12.293413,5.154919,15.658127,-13.274730,4.058515,18.478827,-8.782551,6.307791,12.895207,-10.501130,6.579666,11.595826,-11.430568,5.183414,13.844361,-12.065784,3.752167,16.526232,-8.461862,6.722043,11.047613,-9.877255,6.820214,10.735380,-10.512673,6.014910,12.031636,-10.788327,5.023993,13.972505,6.323298,-28.830471,-12.812044,-4.839059,-35.227364,-7.023444,-10.603265,-39.497990,-4.430411,-6.833064,-40.443085,-5.584639,-4.200340,-40.076336,-6.119102,2.592470,-34.667099,-12.340589,8.533730,-34.657436,-11.106478,11.473817,-34.810009,-7.861461,14.194083,-34.483139,-4.913603,12.895731,-29.793962,-15.494316,18.700214,-28.928659,-11.692906,19.440464,-30.992922,-5.646143,19.335466,-32.775700,-0.919372,19.842289,-25.347771,-15.811492,24.435633,-25.829729,-9.729292,25.881283,-28.530409,-6.435608,26.357620,-30.353231,-4.299398,25.031509,-21.866636,-14.060240,28.561930,-22.666277,-8.687711,29.351782,-23.717926,-5.588832,29.723656,-24.199516,-3.186544
4.402917,9.358589,2.533148,4.699490,4.435053,1.703789,8.343835,-0.212170,-2.042300,10.091928,-8.206700,-15.803111,6.759289,-27.807676,-13.427602,0.615693,8.444638,6.024199,-3.125210,-0.074126,2.599313,-7.010878,7.936990,11.246286,-3.464648,-1.194583,-2.708831,-2.171582,-2.767535,0.456895,0.137985,-0.722502,-11.122082,0.015112,-0.854377,-10.414058,-4.147370,-0.915580,-3.462610,0.937041,-0.093346,-13.558684,0.966687,-0.586942,-12.467315,5.699091,9.877186,1.596883,4.246839,9.633996,5.269514,6.764681,9.572803,0.348335,-8.282015,-0.866408,-8.454664,1.017265,-0.612037,-12.497035,1.068739,-0.513023,-12.487204,0.924001,-0.659612,-12.430615,-0.040978,-0.881350,-10.278414,-0.061778,-0.830327,-10.120424,0.044871,-0.892516,-10.568732,7.369187,8.998381,-0.764352,7.628981,8.620752,-0.157824,7.627358,8.428790,0.027828,7.892800,7.932394,-0.718390,8.048415,6.910071,-1.021446,7.949298,6.003132,-0.541797,6.806669,5.181340,-0.674352,5.571578,4.732518,1.048426,4.714523,4.969832,3.088896,3.676121,5.409635,2.894846,3.249800,6.460259,4.431829,3.672368,7.917791,7.907003,3.605383,9.115405,8.559511,3.999443,9.773818,8.897248,4.193780,10.228846,8.930452,4.416259,10.117953,9.066765,4.582958,10.147005,9.181574,7.107670,9.366228,0.030759,6.742417,9.423484,1.279396,6.092761,9.458515,2.340305,5.674332,9.544347,3.144027,5.265584,9.574949,4.709929,5.342528,9.165498,6.746729,5.065974,9.356565,7.424570,5.030638,9.464487,7.955401,4.746434,9.853523,8.543017,4.498176,9.993563,8.864541,5.960349,9.227098,5.823777,5.949478,8.875996,5.911055,5.757019,8.716896,5.673479,5.455070,8.406094,5.014877,6.409915,8.180611,3.632979,6.154969,8.167022,4.209916,6.166904,8.018268,5.082547,5.629067,8.042032,5.435361,5.507071,8.128240,5.866704,7.471977,9.037385,2.248307,7.352803,9.540127,2.785326,7.087758,9.739229,3.350593,6.866480,9.319737,3.314354,7.065548,9.200005,2.812485,7.307319,9.053495,2.697283,5.853252,9.775371,7.603074,5.793673,10.113874,8.074204,5.507573,10.280245,8.521911,5.192002,9.960252,8.938695,5.377288,9.918969,8.536852,5.569525,9.885855,7.850311,7.917514,6.770092,0.232556,7.257709,6.981192,0.843877,6.580210,7.383726,2.490804,5.875963,7.828681,3.731213,4.850122,8.215219,5.198174,4.721864,8.403977,5.622835,4.526042,8.181200,6.155946,4.327746,7.518880,4.839125,4.415005,6.634549,3.954164,5.019925,6.239272,2.170331,6.054797,5.993613,1.483798,7.309724,6.272252,1.203424,7.485374,6.973763,1.129103,6.755420,7.140752,1.761658,5.701326,7.612304,3.355132,4.996646,8.147574,4.281303,4.648043,8.173582,5.016953,4.482702,7.139627,4.306194,5.497208,6.743439,3.434279,6.711375,6.304962,2.313859,7.142790,9.429495,3.136414,5.584578,10.033823,8.294572,-6.649411,7.471736,12.570390,-8.110747,7.193566,14.893497,-10.335147,7.010215,17.404163,-11.415263,6.825679,17.550695,-11.884902,6.527141,17.631479,-9.667297,5.957688,16.600004,-11.040656,6.124560,15.274620,-12.065601,5.600205,16.199648,-12.973875,4.889566,17.323313,-9.181424,5.899223,14.503361,-10.960484,6.197665,13.211608,-12.286318,5.031861,15.427578,-13.248966,3.921220,18.209732,-8.783830,6.239857,12.697645,-10.520885,6.485007,11.392180,-11.428617,5.066718,13.608919,-12.044687,3.617587,16.260815,-8.483595,6.667737,10.842521,-9.904745,6.745820,10.521745,-10.520798,5.932987,11.784143,-10.773121,4.935942,13.700858,6.379930,-27.994139,-12.863782,-4.662131,-34.439678,-7.101804,-10.245675,-38.742851,-4.593288,-6.396009,-39.655712,-5.767699,-3.738581,-39.257957,-6.303288,2.766637,-33.761528,-12.593798,8.840830,-33.728188,-11.359747,11.862978,-33.900639,-8.080611,14.652707,-33.599285,-5.085453,13.014602,-28.814568,-15.735775,19.008295,-27.938259,-11.874970,19.834324,-30.058849,-5.776021,19.795610,-31.903257,-1.020348,19.940508,-24.323996,-16.033304,24.724024,-24.803188,-9.846128,26.182390,-27.550621,-6.507083,26.642183,-29.411526,-4.345109,25.140165,-20.818033,-14.245069,28.808376,-21.620222,-8.771036,29.609791,-22.708160,-5.630939,29.969276,-23.222187,-3.211930
4.366838,9.009971,2.741757,4.698311,4.457013,1.756544,8.385997,-0.128005,-2.084873,10.074286,-7.962342,-15.391438,6.866956,-27.015690,-13.506293,0.593271,8.394876,6.160174,-3.038360,0.024093,2.781642,-6.987718,7.881732,11.165823,-3.480055,-1.316963,-2.423813,-2.193450,-2.887490,0.739315,0.107310,-1.009100,-11.609966,-0.025801,-1.147519,-10.889268,-4.162261,-1.019070,-3.201709,1.032616,-0.358954,-14.078904,1.069816,-0.860989,-12.977977,5.668356,9.583481,1.798917,4.168482,9.345044,5.522353,6.734904,9.415663,0.481622,-7.880093,-0.800741,-7.984863,1.126754,-0.883823,-13.008211,1.184736,-0.781698,-12.998455,1.020498,-0.936921,-12.939871,-0.089259,-1.173609,-10.749906,-0.116730,-1.121349,-10.589498,0.010716,-1.186641,-11.046239,7.271899,8.777855,-0.541966,7.515718,8.398271,0.038005,7.486280,8.217031,0.199269,7.720483,7.730045,-0.569609,7.841101,6.732015,-0.863444,7.740391,5.821492,-0.394943,6.629504,4.949585,-0.521542,5.438696,4.453234,1.221566,4.600658,4.663469,3.247929,3.560533,5.129084,3.027310,3.145278,6.157458,4.511470,3.547850,7.598224,7.950935,3.458468,8.794068,8.614728,3.829614,9.489405,8.985785,4.017893,9.967073,9.097992,4.253015,9.877600,9.292529,4.432253,9.919890,9.434976,7.032335,9.087810,0.308416,6.660128,9.134653,1.559123,6.012222,9.158440,2.616678,5.601456,9.232189,3.407578,5.197119,9.270810,4.980363,5.251327,8.874250,7.052846,4.964787,9.065343,7.729249,4.926089,9.173201,8.249515,4.643019,9.569493,8.839489,4.391865,9.727180,9.178822,5.853393,8.905935,6.068575,5.839021,8.547259,6.141887,5.650195,8.375340,5.874339,5.356702,8.045055,5.219120,6.296463,7.856032,3.818287,6.042367,7.827672,4.376719,6.058700,7.682414,5.246109,5.532104,7.685677,5.605916,5.409741,7.771935,6.035112,7.387972,8.748255,2.520818,7.285347,9.277336,3.052852,7.018091,9.474950,3.618740,6.793452,9.020696,3.557612,6.981449,8.898575,3.063816,7.222374,8.756095,2.956235,5.741360,9.502050,7.875436,5.702435,9.856709,8.347795,5.415699,10.025707,8.819366,5.085646,9.687210,9.234811,5.259996,9.636622,8.826076,5.455370,9.603942,8.127169,7.731750,6.459548,0.449415,7.139380,6.642542,1.034936,6.492238,7.042869,2.673103,5.791287,7.489450,3.930036,4.754647,7.862196,5.399354,4.618197,8.041896,5.785266,4.424416,7.795953,6.262857,4.207671,7.142679,5.001391,4.285418,6.255908,4.139699,4.901551,5.848955,2.366433,5.937391,5.607152,1.678299,7.167427,5.913352,1.386606,7.304372,6.656414,1.360344,6.666826,6.801949,1.952928,5.619670,7.277153,3.554108,4.899824,7.801509,4.462839,4.556392,7.784367,5.155528,4.355001,6.754939,4.471294,5.367118,6.351332,3.610658,6.580585,5.924122,2.489094,7.065885,9.157812,3.401214,5.482384,9.769218,8.576370,-6.641927,7.415581,12.476027,-8.114817,7.109076,14.813535,-10.362213,6.902319,17.333092,-11.454988,6.702205,17.461441,-11.915486,6.396307,17.548733,-9.652925,5.854671,16.420910,-11.055836,6.001621,15.080812,-12.070107,5.467328,15.970466,-12.964695,4.746287,17.067535,-9.168898,5.809898,14.304684,-10.974582,6.091343,13.002538,-12.284933,4.909190,15.182137,-13.230125,3.784797,17.924303,-8.783230,6.167729,12.492695,-10.543456,6.389671,11.175225,-11.431227,4.950623,13.357520,-12.029276,3.484074,15.979008,-8.501665,6.609677,10.628066,-9.932489,6.670738,10.294285,-10.530911,5.851642,11.520801,-10.760829,4.849256,13.412368,6.432267,-27.145185,-12.898079,-4.471976,-33.633430,-7.171688,-9.856400,-37.963333,-4.757085,-5.914967,-38.835030,-5.955288,-3.224858,-38.399353,-6.493932,2.969199,-32.828175,-12.851701,9.182604,-32.757568,-11.613733,12.289420,-32.944832,-8.295832,15.151845,-32.666092,-5.248083,13.148764,-27.805735,-15.978313,19.333254,-26.905558,-12.047087,20.240929,-29.077837,-5.888528,20.266735,-30.980734,-1.101674,20.042229,-23.272371,-16.253555,25.015862,-23.733089,-9.947973,26.470989,-26.521500,-6.551447,26.900095,-28.418192,-4.355495,25.241156,-19.744511,-14.425797,29.047791,-20.536982,-8.838125,29.852417,-21.657774,-5.648249,30.191586,-22.203205,-3.207405
4.304945,8.627492,2.965219,4.660417,4.486300,1.814302,8.391074,-0.034256,-2.116345,10.009654,-7.728490,-14.970724,6.967845,-26.227304,-13.573020,0.548597,8.334620,6.293732,-2.944008,0.120657,2.976554,-6.960872,7.832290,11.083447,-3.501382,-1.428462,-2.167458,-2.221469,-2.993931,0.988858,0.081635,-1.279826,-12.090580,-0.061212,-1.424881,-11.357532,-4.179549,-1.117192,-2.957891,1.125574,-0.609207,-14.590639,1.170099,-1.119247,-13.481692,5.611924,9.255140,2.020192,4.064084,9.023241,5.796311,6.672360,9.230426,0.632529,-7.488060,-0.741443,-7.558881,1.233013,-1.139910,-13.512451,1.297148,-1.035029,-13.502852,1.114520,-1.198408,-13.442143,-0.131668,-1.450246,-11.214575,-0.165480,-1.396892,-11.051754,-0.018287,-1.464859,-11.516791,7.139505,8.526646,-0.292246,7.364026,8.147512,0.258736,7.303074,7.979883,0.393367,7.502727,7.504873,-0.399633,7.585904,6.533561,-0.684509,7.482718,5.621418,-0.228156,6.404029,4.699831,-0.351139,5.259650,4.156737,1.413078,4.441893,4.342976,3.422972,3.402240,4.834496,3.176126,2.999480,5.840833,4.607603,3.383615,7.264153,8.011485,3.272488,8.455987,8.687167,3.621022,9.186072,9.092879,3.804322,9.683787,9.287073,4.053876,9.614703,9.539408,4.247314,9.668175,9.710179,6.927049,8.774228,0.613473,6.548206,8.810100,1.866150,5.902837,8.822205,2.919472,5.500043,8.883422,3.696054,5.100178,8.930954,5.273901,5.130703,8.548962,7.380875,4.834355,8.740635,8.054909,4.792664,8.849292,8.563930,4.510916,9.254096,9.155267,4.256305,9.431164,9.513500,5.713515,8.551795,6.339912,5.695102,8.186880,6.396548,5.509872,8.003138,6.097266,5.225778,7.654212,5.442966,6.146302,7.504189,4.024787,5.893920,7.461422,4.563107,5.915100,7.320702,5.429421,5.400708,7.303347,5.796942,5.278128,7.389424,6.224341,7.271464,8.426178,2.819617,7.185916,8.980948,3.344907,6.916950,9.177508,3.909795,6.689261,8.689481,3.824497,6.865628,8.565386,3.339664,7.105325,8.426958,3.240345,5.596071,9.200042,8.171385,5.578612,9.569881,8.643308,5.291752,9.740870,9.137775,4.947783,9.385318,9.551097,5.110673,9.325957,9.136594,5.308599,9.293462,8.427459,7.502210,6.126114,0.691163,6.981449,6.277901,1.248100,6.367520,6.675333,2.876199,5.670270,7.123394,4.149665,4.622715,7.482601,5.620854,4.478092,7.654874,5.967393,4.286254,7.387926,6.388143,4.049800,6.745107,5.182634,4.117162,5.856029,4.344281,4.744459,5.435689,2.583675,5.780402,5.197778,1.894300,6.983104,5.532292,1.592012,7.079852,6.316450,1.616201,6.540054,6.436440,2.164740,5.500707,6.915527,3.773087,4.765929,7.430453,4.662048,4.428512,7.371662,5.313708,4.190220,6.348355,4.657116,5.198835,5.936531,3.808696,6.410778,5.520412,2.687035,6.957045,8.853727,3.689609,5.347785,9.475693,8.879581,-6.631005,7.362120,12.384076,-8.120727,7.030861,14.736075,-10.394320,6.804524,17.260221,-11.501865,6.590775,17.366819,-11.954852,6.278028,17.458393,-9.642828,5.758617,16.239252,-11.078197,5.888048,14.881320,-12.081965,5.345398,15.731647,-12.962633,4.614520,16.799355,-9.158323,5.726757,14.100910,-10.994497,5.994995,12.782270,-12.290900,4.798418,14.921000,-13.219768,3.661155,17.621675,-8.782175,6.101982,12.280167,-10.570479,6.304829,10.944120,-11.440162,4.846791,13.089177,-12.021353,3.363597,15.679855,-8.517366,6.558687,10.403760,-9.962133,6.606132,10.052140,-10.544864,5.782190,11.240828,-10.753659,4.775395,13.106276,6.485351,-26.299009,-12.918076,-4.266223,-32.824276,-7.235521,-9.437978,-37.174217,-4.922156,-5.394072,-37.995689,-6.147264,-2.664185,-37.515537,-6.690727,3.200727,-31.880981,-13.115234,9.555309,-31.758778,-11.867123,12.745885,-31.956400,-8.504739,15.681531,-31.698101,-5.399229,13.300017,-26.781960,-16.223154,19.672602,-25.844233,-12.209811,20.655823,-28.062847,-5.983677,20.742657,-30.020151,-1.162799,20.149937,-22.207865,-16.473667,25.310541,-22.633963,-10.036175,26.746130,-25.457754,-6.569643,27.130493,-27.388002,-4.331191,25.337536,-18.661560,-14.603757,29.281647,-19.431477,-8.890806,30.081278,-20.581259,-5.642600,30.392544,-21.156666,-3.174465
4.211466,8.205965,3.203147,4.578004,4.518323,1.881959,8.347777,0.067342,-2.127998,9.892493,-7.511289,-14.541855,7.059461,-25.455881,-13.629650,0.479421,8.255070,6.426534,-2.836230,0.215147,3.193173,-6.931138,7.798257,11.000225,-3.527302,-1.524558,-1.940884,-2.255317,-3.080928,1.201423,0.062005,-1.527402,-12.556965,-0.089867,-1.679148,-11.812056,-4.196480,-1.207142,-2.728767,1.213468,-0.837123,-15.086627,1.264886,-1.354689,-13.971405,5.522746,8.885879,2.262186,3.927752,8.661844,6.090524,6.567516,9.009508,0.806233,-7.110733,-0.688979,-7.188729,1.333232,-1.373295,-14.002730,1.402976,-1.266070,-13.993338,1.203591,-1.436931,-13.930398,-0.166762,-1.703953,-11.665599,-0.206367,-1.649691,-11.500520,-0.041076,-1.719804,-11.973478,6.963224,8.238813,-0.011026,7.164874,7.863465,0.508873,7.068971,7.713075,0.614631,7.231358,7.253205,-0.203839,7.275576,6.311280,-0.480386,7.169677,5.399997,-0.037217,6.124258,4.430229,-0.159616,5.028934,3.842106,1.625335,4.233150,4.007559,3.615297,3.196826,4.523826,3.343241,2.807435,5.507418,4.722400,3.174021,6.912567,8.090170,3.041496,8.097531,8.777712,3.367473,8.859052,9.218763,3.546869,9.373461,9.496218,3.812282,9.323158,9.804361,4.021447,9.385333,10.003621,6.783978,8.419503,0.947717,6.399101,8.443857,2.201790,5.757407,8.443686,3.249455,5.363005,8.491890,4.009680,4.967782,8.549081,5.589754,4.974295,8.182907,7.728148,4.668367,8.375743,8.398383,4.623982,8.486018,8.895324,4.343715,8.900395,9.486482,4.084976,9.098370,9.864000,5.533843,8.159213,6.637277,5.510924,7.789845,6.674400,5.329418,7.595797,6.341992,5.056136,7.229671,5.685347,5.952664,7.121244,4.253527,5.703102,7.064716,4.769850,5.729557,6.929577,5.632592,5.228354,6.891646,6.008570,5.105772,6.977216,6.434216,7.114465,8.065826,3.145811,7.046513,8.644872,3.662274,6.776584,8.840663,4.223794,6.546284,8.320564,4.115407,6.710486,8.195239,3.640592,6.948386,8.060932,3.550589,5.410351,8.863298,8.488924,5.415022,9.246785,8.958217,5.128770,9.418845,9.473708,4.771774,9.048234,9.883665,4.922747,8.980979,9.465164,5.122442,8.948437,8.748850,7.222960,5.767386,0.959177,6.777214,5.884510,1.484616,6.199329,6.278000,3.100642,5.506514,6.727002,4.389927,4.448288,7.073073,5.861914,4.295674,7.240020,6.169087,4.105485,6.955293,6.532536,3.848907,6.324285,5.382805,3.905440,5.433589,4.567689,4.543514,4.998459,2.822404,5.578094,4.764569,2.132544,6.750579,5.127717,1.821014,6.806078,5.951344,1.897588,6.368505,6.041108,2.397759,5.338082,6.524091,4.011988,4.588994,7.031314,4.878642,4.258196,6.933605,5.492035,3.983112,5.918222,4.864020,4.986873,5.497723,4.028876,6.196120,5.092491,2.908671,6.808428,8.511410,4.001947,5.173802,9.146878,9.201205,-6.618275,7.320495,12.295611,-8.130548,6.967738,14.663151,-10.433581,6.725507,17.188437,-11.558192,6.499981,17.269825,-12.005725,6.180586,17.363379,-9.639034,5.678195,16.058037,-11.109623,5.792926,14.678995,-12.103215,5.243760,15.485951,-12.969922,4.503873,16.521383,-9.151419,5.658812,13.894103,-11.021956,5.918051,12.552592,-12.306069,4.709321,14.645952,-13.219807,3.560362,17.303886,-8.782058,6.051906,12.061314,-10.603528,6.240232,10.699919,-11.457169,4.765330,12.805078,-12.022788,3.266487,15.364724,-8.531860,6.524366,10.170462,-9.995168,6.561865,9.796050,-10.564405,5.734559,10.945210,-10.753769,4.724322,12.783737,6.537613,-25.469244,-12.927035,-4.048463,-32.025242,-7.296251,-8.997727,-36.387768,-5.090174,-4.842479,-37.150414,-6.344871,-2.066137,-36.620075,-6.894586,3.455749,-30.932882,-13.385549,9.949408,-30.744890,-12.119866,13.219926,-30.949371,-8.707318,16.227100,-30.710197,-5.539816,13.463653,-25.757622,-16.471806,20.017885,-24.768488,-12.365312,21.068771,-27.027639,-6.064129,21.211521,-29.034565,-1.206648,20.259638,-21.145983,-16.695740,25.601162,-21.521252,-10.114168,27.000685,-24.375093,-6.565479,27.326431,-26.336849,-4.276170,25.425739,-17.585478,-14.781586,29.504723,-18.319851,-8.933240,30.291357,-19.494421,-5.618708,30.567549,-20.098087,-3.117953
4.082755,7.741475,3.454070,4.445423,4.547400,1.963847,8.246970,0.173572,-2.112294,9.717961,-7.316041,-14.105515,7.135930,-24.713156,-13.677987,0.384583,8.147743,6.560385,-2.709489,0.305269,3.439178,-6.899204,7.787480,10.917521,-3.556557,-1.601772,-1.743328,-2.294636,-3.143778,1.375018,0.049036,-1.744731,-13.000321,-0.110962,-1.903194,-12.244104,-4.210598,-1.286730,-2.510877,1.293606,-1.036098,-15.557888,1.351275,-1.560619,-14.438296,5.395708,8.470901,2.524798,3.755548,8.255433,6.402440,6.413142,8.746383,1.005989,-6.753044,-0.643501,-6.884221,1.424346,-1.577321,-14.470268,1.498991,-1.468116,-14.461199,1.284980,-1.645708,-14.395793,-0.193518,-1.927614,-12.094370,-0.238229,-1.872703,-11.927163,-0.057026,-1.944319,-12.407574,6.736719,7.909883,0.302784,6.911975,7.542220,0.789913,6.778174,7.413122,0.864811,6.901327,6.971884,0.019821,6.906137,6.062074,-0.249195,6.798089,5.154473,0.179840,5.787811,4.139011,0.054848,4.744681,3.508506,1.858924,3.972985,3.656213,3.824737,2.943367,4.194762,3.529151,2.567618,5.153946,4.856322,2.916538,6.540016,8.186375,2.762576,7.714782,8.884789,3.065692,8.503577,9.361190,3.242130,9.030820,9.721284,3.524290,8.997285,10.081921,3.750426,9.065495,10.309452,6.597494,8.019360,1.310103,6.207412,8.031578,2.564576,5.570801,8.018402,3.604879,5.185400,8.053079,4.346266,4.795116,8.120397,5.924963,4.778058,7.770715,8.089613,4.462827,7.965390,8.754160,4.415945,8.077966,9.237938,4.137303,8.502725,9.826911,3.873650,8.722796,10.223467,5.310110,7.724042,6.957642,5.282289,7.352286,6.972641,5.104834,7.149855,6.606120,4.844301,6.768464,5.943275,5.711645,6.704038,4.503279,5.466247,6.634649,4.995664,5.498324,6.506056,5.853724,5.011339,6.447683,6.238590,4.888935,6.532358,6.662320,6.911431,7.663278,3.497809,6.861533,8.264391,4.003173,6.591603,8.459587,4.558508,6.359311,7.909649,4.428341,6.510860,7.784189,3.964742,6.746168,7.654113,3.885442,5.179731,8.486682,8.823425,5.206964,8.881817,9.287497,4.922263,9.053828,9.821259,4.553423,8.670588,10.226339,4.692104,8.596562,9.806072,4.892663,8.563834,9.086348,6.891437,5.381360,1.252256,6.523233,5.460349,1.743561,5.983972,5.848433,3.344887,5.296644,6.297452,4.648539,4.228478,6.630941,6.119620,4.068086,6.794880,6.387986,3.878927,6.496412,6.694565,3.602917,5.878566,5.599885,3.648702,4.987571,4.807937,4.296872,4.536717,3.081101,5.328079,4.307026,2.391843,6.467055,4.698670,2.072856,6.480699,5.558964,2.202873,6.148858,5.613671,2.650684,5.128634,6.100274,4.268818,4.366182,6.601566,5.110429,4.042184,6.468679,5.688796,3.731625,5.463181,5.090260,4.728957,5.033957,4.269604,5.933907,4.639431,3.152966,6.614615,8.126360,4.336223,4.955966,8.777417,9.535773,-6.605070,7.298404,12.211865,-8.145957,6.926775,14.597230,-10.481945,6.671856,17.121431,-11.626060,6.436154,17.174492,-12.070496,6.109942,17.267580,-9.643466,5.620374,15.881147,-11.151839,5.723404,14.478169,-12.135891,5.169781,15.238118,-12.988954,4.421976,16.238649,-9.149785,5.613518,13.687329,-11.058456,5.868062,12.317047,-12.332145,4.649725,14.361067,-13.232047,3.490418,16.975561,-8.784204,6.025297,11.838525,-10.643877,6.203819,10.445504,-11.483694,4.714429,12.508537,-12.035175,3.201127,15.037326,-8.546280,6.514884,9.930211,-10.032841,6.546120,9.528326,-10.590988,5.716894,10.636774,-10.762976,4.704114,12.447875,6.583691,-24.667955,-12.928132,-3.825942,-31.247383,-7.357079,-8.546129,-35.614521,-5.263550,-4.273013,-36.310806,-6.550133,-1.444103,-35.725891,-7.107084,3.724485,-29.996330,-13.663280,10.351329,-29.729414,-12.372658,13.695462,-29.938482,-8.905187,16.770576,-29.717970,-5.673073,13.630471,-24.747328,-16.725321,20.356697,-23.693489,-12.516940,21.465872,-25.987192,-6.134718,21.658068,-28.038492,-1.238952,20.362906,-20.102760,-16.921755,25.876633,-20.411629,-10.186986,27.223988,-23.290560,-6.545412,27.478189,-25.282005,-4.197644,25.497992,-16.533190,-14.962234,29.707516,-17.219402,-8.971334,30.473528,-18.414286,-5.583775,30.708242,-19.044218,-3.045816
3.917455,7.232583,3.715898,4.259870,4.567308,2.062957,8.083071,0.279808,-2.064070,9.483788,-7.146844,-13.662248,7.190459,-24.008226,-13.719517,0.264001,8.005662,6.696674,-2.559633,0.387038,3.719879,-6.865771,7.805269,10.836889,-3.588208,-1.658213,-1.572520,-2.339209,-3.179907,1.510227,0.042775,-1.925776,-13.411184,-0.124275,-2.090900,-12.644202,-4.220262,-1.354779,-2.300580,1.363336,-1.200520,-15.995137,1.426432,-1.731397,-14.873106,5.228096,8.008178,2.806622,3.545851,7.801314,6.728416,6.205300,8.437039,1.232900,-6.420060,-0.604955,-6.652516,1.503390,-1.746417,-14.905849,1.582085,-1.635618,-14.897241,1.355981,-1.819006,-14.829044,-0.211540,-2.115092,-12.491423,-0.260519,-2.059825,-12.322251,-0.066041,-2.132226,-12.809587,6.457061,7.538004,0.647309,6.602636,7.182078,1.100646,6.428718,7.078285,1.143055,6.511622,6.659163,0.270830,6.477711,5.783975,0.008452,6.368851,4.883039,0.422678,5.396295,3.825064,0.292175,4.408756,3.155583,2.112588,3.663467,3.288251,4.049790,2.644193,3.845435,3.733041,2.281693,4.777749,5.008456,2.611718,6.143713,8.298162,2.435964,7.304829,9.005488,2.715594,8.116153,9.516441,2.889858,8.652201,9.956731,3.189071,8.633241,10.365523,3.433026,8.704837,10.620855,6.364893,7.572464,1.697180,5.970628,7.572011,2.950930,5.340745,7.545016,3.981969,4.965077,7.565587,4.701958,4.580110,7.643042,6.275202,4.540655,7.309895,8.459198,4.216420,7.507101,9.115840,4.167185,7.622572,9.585236,3.890239,8.058116,10.169665,3.620768,8.300974,10.584315,5.041008,7.244739,7.296381,5.007991,6.872735,7.287131,4.835083,6.664082,6.885986,4.589588,6.269601,6.212909,5.422546,6.251159,4.771188,5.182771,6.170016,5.237984,5.220684,6.048760,6.089767,4.748878,5.970188,6.483527,4.626804,6.053553,6.904960,6.659917,7.217199,3.871915,6.628448,7.837540,4.363938,6.359589,8.032091,4.910105,6.126049,7.454943,4.759733,6.264502,7.330700,4.308528,6.496326,7.205091,4.241478,4.902738,8.067393,9.168964,4.952736,8.471883,9.625014,4.670631,8.642578,10.173601,4.291303,8.249345,10.572178,4.417490,8.169916,10.152668,4.617950,8.136942,9.433661,6.508761,4.967268,1.567077,6.219474,5.004932,2.022355,5.720932,5.385873,3.606020,5.040452,5.833689,4.921858,3.963413,6.155209,6.389831,3.795454,6.318498,6.620421,3.606353,6.010912,6.871453,3.312799,5.407432,5.830508,3.348475,4.517963,5.061841,4.005864,4.051043,3.356800,5.031257,3.825773,2.669531,6.133259,4.245285,2.345075,6.104994,5.138374,2.528369,5.881042,5.153491,2.920874,4.872440,5.643194,4.540263,4.097758,6.140248,5.354167,3.780181,5.976683,5.900813,3.436723,4.983006,5.332688,4.425972,4.545410,4.527795,5.624741,4.161427,3.417242,6.373191,7.696640,4.688784,4.692750,8.364337,9.876788,-6.592488,7.301359,12.133935,-8.168038,6.912578,14.540646,-10.540820,6.647360,17.063066,-11.706945,6.402695,17.085293,-12.150816,6.069160,17.175339,-9.657610,5.589695,15.712717,-11.206092,5.684016,14.284021,-12.181633,5.128045,14.994334,-13.021833,4.373640,15.958060,-9.154708,5.595960,13.484317,-11.105053,5.849909,12.080605,-12.370331,4.624552,14.072436,-13.257795,3.456458,16.643559,-8.789734,6.027557,11.615104,-10.692327,6.200839,10.185397,-11.520652,4.699454,12.204936,-12.059521,3.173054,14.703578,-8.561612,6.535913,9.686197,-10.076066,6.564373,9.252977,-10.625559,5.734554,10.320217,-10.782470,4.720016,12.103831,6.616962,-23.904640,-12.924280,-3.607122,-30.499170,-7.421065,-8.094991,-34.862801,-5.444802,-3.700449,-35.486874,-6.765147,-0.813674,-34.844772,-7.329842,3.994755,-29.082594,-13.947935,10.745470,-28.725672,-12.626275,14.154872,-28.938145,-9.100882,17.292618,-28.736540,-5.803628,13.788804,-23.764816,-16.983629,20.674770,-22.634430,-12.668483,21.832022,-24.956703,-6.201669,22.066332,-27.046928,-1.267369,20.449043,-19.093416,-17.152660,26.123962,-19.321861,-10.260537,27.404621,-22.221392,-6.517885,27.576145,-24.240902,-4.105571,25.544403,-15.520577,-15.148086,29.878336,-16.147102,-9.011847,30.616982,-17.357719,-5.546678,30.804873,-18.011723,-2.968121
3.716726,6.681086,3.986217,4.022162,4.571970,2.180277,7.855235,0.380478,-1.981452,9.191547,-7.006030,-13.212481,7.217388,-23.346235,-13.755013,0.118674,7.824476,6.835954,-2.384962,0.455150,4.037084,-6.831611,7.853447,10.759945,-3.621963,-1.694131,-1.425010,-2.389035,-3.189506,1.610237,0.042685,-2.066393,-13.780749,-0.130227,-2.238052,-13.003597,-4.225070,-1.411406,-2.095002,1.420443,-1.326718,-16.390221,1.488022,-1.863356,-15.267659,5.020193,7.499388,3.105072,3.299687,7.300502,7.064207,5.944311,8.081078,1.485512,-6.116467,-0.573105,-6.497395,1.567941,-1.876972,-15.301303,1.649750,-1.764929,-15.293355,1.414339,-1.953098,-15.221910,-0.221154,-2.262185,-12.847999,-0.273452,-2.206850,-12.677028,-0.068660,-2.279331,-13.170746,6.125545,7.124761,1.017839,6.238675,6.784332,1.437145,6.023344,6.709325,1.445890,6.065923,6.315370,0.546178,5.995031,5.476734,0.289434,5.887328,4.585147,0.688455,4.955424,3.488326,0.550259,4.026682,2.783794,2.383346,3.309977,2.903672,4.287807,2.304534,3.474913,3.952837,1.954307,4.377505,5.176717,2.263234,5.722413,8.422794,2.065151,6.866647,9.136272,2.320508,7.695630,9.680271,2.493242,8.236649,10.196607,2.809174,8.230039,10.648619,3.071446,8.302686,10.931224,6.087103,7.081333,2.103516,5.689785,7.067798,3.355450,5.068297,7.026138,4.375543,4.703215,7.032106,5.071844,4.323915,7.119122,6.635642,4.263765,6.801889,8.831094,3.930899,7.002360,9.477441,3.879375,7.121157,9.931147,3.604159,7.567493,10.508525,3.327864,7.833174,10.939686,4.728652,6.723267,7.647946,4.690182,6.353016,7.613126,4.522384,6.140265,7.177368,4.294347,5.734812,6.490230,5.088156,5.763755,5.053380,4.855428,5.672014,5.493465,4.899188,5.558681,6.337171,4.443371,5.460267,6.739329,4.321677,5.541939,7.157981,6.361254,6.729691,4.262782,6.348379,7.366027,4.739646,6.081688,7.559659,5.273854,5.847659,6.958071,5.105014,5.972713,6.836539,4.667206,6.200131,6.715640,4.613850,4.581291,7.605978,9.519382,4.653969,8.017382,9.964684,4.375613,8.185570,10.524259,3.987187,7.784935,10.914758,4.100793,7.701540,10.498572,4.300249,7.668347,9.784320,6.079932,4.526097,1.898525,5.869600,4.519892,2.317078,5.413100,4.891763,3.880224,4.740931,5.336933,5.205487,3.656353,5.647232,6.667922,3.480914,5.812092,6.862122,3.290529,5.500257,7.059722,2.982393,4.912040,6.070643,3.009127,4.026206,5.325566,3.674873,3.543406,3.645421,4.691887,3.322819,2.961693,5.753627,3.769139,2.633741,5.684069,4.690454,2.868763,5.568448,4.662102,3.204682,4.572787,5.154160,4.822255,3.787058,5.648530,5.606147,3.474913,5.459296,6.124079,3.102261,4.479104,5.587320,4.081915,4.033855,4.799395,5.272549,3.660179,3.697594,6.085335,7.223805,5.054935,4.385906,7.908063,10.217964,-6.581313,7.331749,12.062517,-8.197112,6.926547,14.495136,-10.610729,6.652371,17.016703,-11.801339,6.399490,17.006433,-12.247143,6.057858,17.090797,-9.682226,5.587547,15.556540,-11.272812,5.675862,14.101898,-12.241326,5.119549,14.761494,-13.069929,4.359991,15.687696,-9.166955,5.608068,13.288951,-11.162107,5.864884,11.849186,-12.421070,4.635035,13.787605,-13.297531,3.459807,16.316467,-8.799469,6.060827,11.394980,-10.749070,6.232864,9.925492,-11.568207,4.721980,11.901349,-12.095981,3.183992,14.371202,-8.578728,6.589791,9.442531,-10.125248,6.618439,8.975452,-10.668433,5.789126,10.001960,-10.812621,4.773470,11.758562,6.631235,-23.184898,-12.917568,-3.399929,-29.785475,-7.490571,-7.655509,-34.137806,-5.635922,-3.139491,-34.686001,-6.991510,-0.190934,-33.986149,-7.564003,4.253856,-28.200455,-14.237411,11.116487,-27.745369,-12.881181,14.581366,-27.960930,-9.297230,17.774893,-27.778879,-5.936523,13.926457,-22.821388,-17.245056,20.958155,-21.604795,-12.823471,22.153336,-23.949854,-6.271716,22.422092,-26.073614,-1.300340,20.506979,-18.130423,-17.387848,26.330404,-18.266914,-10.340658,27.532637,-21.182995,-6.492434,27.613314,-23.229038,-4.011597,25.554981,-14.560447,-15.340137,30.005634,-15.117527,-9.061425,30.711399,-16.339291,-5.516891,30.848572,-17.014957,-2.895941
3.484187,6.092083,4.262551,3.736731,4.556299,2.314410,7.567727,0.469581,-1.866431,8.847072,-6.893840,-12.756395,7.213343,-22.727512,-13.784307,-0.049476,7.603205,6.977672,-2.186640,0.503537,4.388648,-6.797479,7.930086,10.688150,-3.658218,-1.712025,-1.296702,-2.444384,-3.175763,1.680620,0.047637,-2.165158,-14.102267,-0.129892,-2.343108,-13.315511,-4.226055,-1.458143,-1.892592,1.463515,-1.413573,-16.737438,1.534577,-1.955413,-15.616047,4.775355,6.949994,3.416582,3.020701,6.757905,7.405416,5.634900,7.682003,1.759865,-5.846028,-0.547551,-6.418471,1.616529,-1.967939,-15.650802,1.700480,-1.854920,-15.643790,1.458608,-2.046848,-15.568467,-0.223393,-2.367291,-13.157245,-0.278040,-2.312151,-12.984599,-0.065967,-2.384111,-13.484360,5.747756,6.675136,1.407293,5.826398,6.353207,1.793125,5.569301,6.309522,1.767643,5.572417,5.943005,0.840558,5.467158,5.141933,0.588308,5.362891,4.261764,0.972078,4.474539,3.129783,0.825091,3.607102,2.394336,2.666659,2.920587,2.503266,4.535177,1.931934,3.083507,4.185357,1.592481,3.953542,5.358119,1.877416,5.276766,8.557140,1.656498,6.401467,9.273478,1.886844,7.243588,9.848475,2.058570,7.786253,10.435408,2.390408,7.790029,10.925678,2.671139,7.861842,11.235041,5.768749,6.552240,2.522276,5.369513,6.525437,3.771575,4.758013,6.468430,4.779506,4.404288,6.459269,5.450476,4.030932,6.554726,7.001407,3.952055,6.252288,9.200379,3.610960,6.456714,9.834125,3.557153,6.579101,10.270933,3.283614,7.035794,10.838788,2.999495,7.323711,11.284331,4.378410,6.165227,8.006634,4.334223,5.798268,7.945788,4.172051,5.583295,7.475992,3.963698,5.168550,6.771635,4.714504,5.245533,5.345395,4.490025,5.144351,5.758472,4.539388,5.039237,6.592371,4.100113,4.921511,7.001972,3.978755,5.001190,7.417310,6.020552,6.206265,4.664016,6.026171,6.855205,5.124556,5.762635,7.047552,5.644670,5.528773,6.424157,5.459154,5.640301,6.306726,5.035370,5.862504,6.190809,4.996771,4.220623,7.106552,9.869040,4.315695,7.522614,10.301219,4.042125,7.687186,10.867949,3.645843,7.281449,11.249075,3.746962,7.195499,10.838536,3.944647,7.162203,10.132530,5.613379,4.060661,2.240291,5.480529,4.008870,2.622943,5.066447,4.369776,4.163267,4.403974,4.810803,5.494834,3.313276,5.110756,6.949343,3.130287,5.279099,7.108751,2.936924,4.967812,7.255665,2.618001,4.395296,6.316061,2.637384,3.515116,5.594972,3.310766,3.017094,3.942273,4.317032,2.801464,3.263682,5.335845,3.273209,2.933903,5.226286,4.217871,3.217720,5.217537,4.143203,3.497881,4.235847,4.636746,5.110463,3.440126,5.129789,5.862666,3.131840,4.920114,6.354287,2.734565,3.954513,5.849770,3.703509,3.502555,5.079776,4.884196,3.138877,3.989315,5.755899,6.712985,5.429389,4.040422,7.412719,10.554054,-6.571955,7.388524,11.997787,-8.232590,6.966595,14.461480,-10.691113,6.683679,16.984623,-11.908558,6.422882,16.941196,-12.358543,6.072293,17.017263,-9.717148,5.611929,15.415477,-11.351453,5.696409,13.936551,-12.314849,5.141510,14.546311,-13.133584,4.378284,15.435714,-9.186607,5.648265,13.104736,-11.229156,5.910451,11.628941,-12.483860,4.678402,13.514720,-13.350702,3.497771,16.003485,-8.813799,6.123627,11.182187,-10.813597,6.297486,9.672416,-11.625681,4.779460,11.605860,-12.143745,3.231520,14.048936,-8.598210,6.674998,9.203854,-10.180223,6.706023,8.702147,-10.719151,5.878097,9.689461,-10.852843,4.861810,11.420108,6.622043,-22.509541,-12.908908,-3.210443,-29.106861,-7.566671,-7.236730,-33.440861,-5.837890,-2.603034,-33.911972,-7.229738,0.409347,-33.156010,-7.809697,4.490231,-27.355068,-14.527968,11.451159,-26.797079,-13.137091,14.961079,-27.015905,-9.496642,18.202322,-26.854067,-6.076302,14.032400,-21.924278,-17.506153,21.195210,-20.614689,-12.984461,22.419086,-22.977049,-6.350983,22.714922,-25.129276,-1.345769,20.526886,-17.221830,-17.624796,26.485332,-17.257957,-10.432147,27.601326,-20.186935,-6.478216,27.586575,-22.257923,-3.927418,25.521164,-13.660683,-15.537515,30.079632,-14.140907,-9.125451,30.748625,-15.369362,-5.503014,30.832829,-16.064079,-2.839746
3.225323,5.473210,4.542495,3.410881,4.516803,2.461869,7.229118,0.541603,-1.724350,8.459402,-6.808486,-12.293885,7.177580,-22.147964,-13.806250,-0.237899,7.344168,7.120170,-1.968470,0.526366,4.768896,-6.763949,8.030032,10.622588,-3.698009,-1.716182,-1.183553,-2.505697,-3.144256,1.728268,0.056143,-2.223321,-14.371880,-0.124793,-2.407270,-13.576031,-4.225454,-1.497610,-1.693395,1.492126,-1.462608,-17.034193,1.565690,-2.009129,-15.915421,4.499436,6.368372,3.737019,2.714534,6.181551,7.747921,5.285401,7.246525,2.049955,-5.611041,-0.527781,-6.411557,1.648785,-2.020872,-15.951509,1.733958,-1.907102,-15.945712,1.488338,-2.101784,-15.865845,-0.219816,-2.431570,-13.415204,-0.275899,-2.376883,-13.240931,-0.059446,-2.447801,-13.746565,5.332737,6.196746,1.807136,5.375633,5.895235,2.160815,5.077349,5.884122,2.101030,5.042572,5.546278,1.147085,4.906022,4.782694,0.898140,4.807498,3.915093,1.266897,3.965122,2.751346,1.111269,3.160377,1.989056,2.957103,2.504830,2.088502,4.787767,1.535069,2.672642,4.426680,1.204550,3.507806,5.549057,1.462275,4.809222,8.698006,1.218237,5.912642,9.413805,1.423059,6.764059,10.017408,1.594294,7.305882,10.668710,1.940849,7.318413,11.192638,2.239914,7.388114,11.528436,5.417455,5.994292,2.946014,5.017334,5.954296,4.192305,4.417124,5.881363,5.187508,4.075391,5.856699,5.832456,3.708054,5.958976,7.368076,3.612330,5.669870,9.563526,3.263482,5.878942,10.182641,3.207307,6.004987,10.601549,2.935345,6.471269,11.157669,2.642420,6.780196,11.615077,3.998052,5.578879,8.367051,3.947845,5.216208,8.280681,3.791620,5.000364,7.777941,3.604786,4.577399,7.054165,4.309939,4.702262,5.642691,4.094580,4.592687,6.029327,4.149012,4.495824,6.852064,3.726498,4.359459,7.267822,3.605303,4.436971,7.679308,5.645874,5.654923,5.068863,5.669624,6.313316,5.512761,5.409937,6.503857,6.017592,5.176723,5.860929,5.817112,5.274807,5.748789,5.407517,5.491211,5.638107,5.384238,3.828342,6.576114,10.213436,3.945347,6.994895,10.630714,3.677456,7.155043,11.201115,3.274279,6.745982,11.571950,3.363100,6.658726,11.168953,3.558528,6.625497,10.473742,5.119627,3.575119,2.585688,5.061399,3.477021,2.934820,4.689089,3.825235,4.450915,4.037470,4.260735,5.785567,2.941955,4.551352,7.230129,2.751116,4.724702,7.356427,2.552832,4.418325,7.455761,2.227348,3.861372,6.562781,2.241271,2.988554,5.866144,2.921889,2.476286,4.242561,3.915490,2.265816,3.570626,4.889608,2.761434,3.240187,4.742014,3.724724,3.568727,4.836793,3.602087,3.796148,3.869700,4.096189,5.400732,3.064761,4.589073,6.120379,2.758299,4.364093,6.587265,2.341441,3.413512,6.115784,3.299089,2.955872,5.364323,4.468389,2.601761,4.287436,5.392539,6.171972,5.806874,3.663666,6.885449,10.881347,-6.564363,7.467627,11.939386,-8.273068,7.027853,14.439402,-10.780354,6.735338,16.967730,-12.026754,6.466540,16.891562,-12.482789,6.106202,16.956863,-9.761293,5.658071,15.291143,-11.440535,5.740191,13.791505,-12.401020,5.188099,14.354384,-13.211970,4.422663,15.209233,-9.213059,5.712027,12.934460,-11.304983,5.980979,11.425433,-12.557316,4.748668,13.261375,-13.415766,3.564350,15.713218,-8.832609,6.211350,10.980449,-10.884762,6.388964,9.432633,-11.691624,4.865938,11.326379,-12.201128,3.309770,13.745193,-8.620273,6.786711,8.974709,-10.240279,6.821415,8.439567,-10.776572,5.995495,9.390229,-10.901684,4.978970,11.096476,6.587009,-21.874926,-12.897768,-3.042348,-28.459888,-7.649013,-6.844949,-32.769588,-6.050331,-2.100950,-33.164833,-7.479029,0.975133,-32.356415,-8.065881,4.694761,-26.547539,-14.814613,11.739894,-25.885405,-13.392887,15.284431,-26.107735,-9.700601,18.564590,-25.966402,-6.226226,14.098145,-21.076153,-17.762156,21.377918,-19.669727,-13.152643,22.622955,-22.044287,-6.444106,22.939312,-24.220402,-1.409836,20.501493,-16.370516,-17.859436,26.581598,-16.301271,-10.538067,27.607870,-19.239750,-6.482692,27.497080,-21.333906,-3.863146,25.436970,-12.823650,-15.737555,30.093689,-13.222130,-9.207290,30.723822,-14.453018,-5.511569,30.754522,-15.164069,-2.807889
